NASD - MOEX,2022-09-20,NASD,15940,2488,0,0,1823,0,6147,7970,0,0,1600,0,-356,1244,0
NASD - MOEX,2022-09-21,NASD,17522,1582,0,0,2419,0,6342,8761,0,0,596,0,195,791,0
NASD - MOEX,2022-09-22,NASD,20906,3384,0,0,3467,0,6986,10453,0,0,1048,0,644,1692,0
NASD - MOEX,2022-09-23,NASD,22218,1312,0,0,3687,0,7422,11109,0,0,220,0,436,656,0
NASD - MOEX,2022-09-26,NASD,22294,76,0,0,3687,0,7460,11147,0,0,0,0,38,38,0
NASD - MOEX,2022-09-27,NASD,22462,168,0,0,3687,0,7544,11231,0,0,0,0,84,84,0
NASD - MOEX,2022-09-28,NASD,24396,1934,0,0,3687,0,8511,12198,0,0,0,0,967,967,0
NASD - MOEX,2022-09-29,NASD,25804,1408,0,0,3687,0,9215,12902,0,0,0,0,704,704,0
NASD - MOEX,2022-09-30,NASD,21888,-3916,0,0,3688,0,7256,10944,0,0,1,0,-1959,-1958,0
NASD - MOEX,2022-10-03,NASD,24612,2724,0,0,3688,0,8618,12306,0,0,0,0,1362,1362,0
NASD - MOEX,2022-10-04,NASD,26922,2310,0,0,3688,0,9773,13461,0,0,0,0,1155,1155,0
NASD - MOEX,2022-10-05,NASD,29442,2520,0,0,3765,0,10956,14721,0,0,77,0,1183,1260,0
NASD - MOEX,2022-10-06,NASD,32652,3210,0,0,5167,0,11159,16326,0,0,1402,0,203,1605,0
NASD - MOEX,2022-10-07,NASD,32550,-102,0,0,5272,0,11003,16275,0,0,105,0,-156,-51,0
NASD - MOEX,2022-10-10,NASD,33444,894,0,0,4901,0,11821,16722,0,0,-371,0,818,447,0
NASD - MOEX,2022-10-11,NASD,36484,3040,0,0,5438,0,12804,18242,0,0,537,0,983,1520,0
NASD - MOEX,2022-10-12,NASD,37570,1086,0,0,5118,165,13667,18620,0,0,-320,165,863,378,0
NASD - MOEX,2022-10-13,NASD,43336,5766,0,0,5150,0,16518,21668,0,0,32,-165,2851,3048,0
NASD - MOEX,2022-10-14,NASD,42086,-1250,0,0,4816,0,16227,21043,0,0,-334,0,-291,-625,0
NASD - MOEX,2022-10-17,NASD,44066,1980,0,0,5363,0,16670,22033,0,0,547,0,443,990,0
NASD - MOEX,2022-10-18,NASD,53724,9658,0,0,5785,56,21077,26806,0,0,422,56,4407,4773,0
NASD - MOEX,2022-10-19,NASD,58554,4830,0,0,5806,0,23471,29277,0,0,21,-56,2394,2471,0
NASD - MOEX,2022-10-20,NASD,57684,-870,0,0,5973,0,22869,28842,0,0,167,0,-602,-435,0
NASD - MOEX,2022-10-21,NASD,57806,122,0,0,4507,0,24396,28903,0,0,-1466,0,1527,61,0
NASD - MOEX,2022-10-24,NASD,59326,1520,0,0,5088,370,24575,29293,0,0,581,370,179,390,0
NASD - MOEX,2022-10-25,NASD,66242,6916,0,0,6565,0,26556,33121,0,0,1477,-370,1981,3828,0
NASD - MOEX,2022-10-26,NASD,69106,2864,0,0,6682,175,27871,34378,0,0,117,175,1315,1257,0
NASD - MOEX,2022-10-27,NASD,66314,-2792,0,0,4977,0,28180,33157,0,0,-1705,-175,309,-1221,0
NASD - MOEX,2022-10-28,NASD,77928,11614,0,0,6386,0,32578,38964,0,0,1409,0,4398,5807,0
NASD - MOEX,2022-10-31,NASD,71722,-6206,0,0,5430,0,30431,35861,0,0,-956,0,-2147,-3103,0
NASD - MOEX,2022-11-01,NASD,69336,-2386,0,0,5154,0,29514,34668,0,0,-276,0,-917,-1193,0
NASD - MOEX,2022-11-02,NASD,70228,892,0,0,4952,1,30162,35113,0,0,-202,1,648,445,0
NASD - MOEX,2022-11-03,NASD,87744,17516,0,0,2668,2732,41204,41140,0,0,-2284,2731,11042,6027,0
NASD - MOEX,2022-11-07,NASD,93974,6230,0,0,2068,1979,44919,45008,0,0,-600,-753,3715,3868,0
NASD - MOEX,2022-11-08,NASD,89888,-4086,0,0,2068,1559,42876,43385,0,0,0,-420,-2043,-1623,0
NASD - MOEX,2022-11-09,NASD,94938,5050,0,0,2068,2394,45401,45075,0,0,0,835,2525,1690,0
NASD - MOEX,2022-11-10,NASD,82662,-12276,0,0,1073,414,40258,40917,0,0,-995,-1980,-5143,-4158,0
NASD - MOEX,2022-11-11,NASD,97424,14762,0,0,4335,718,44377,47994,0,0,3262,304,4119,7077,0
NASD - MOEX,2022-11-14,NASD,101910,4486,0,0,6172,578,44783,50377,0,0,1837,-140,406,2383,0
NASD - MOEX,2022-11-15,NASD,116854,14944,0,0,9444,757,48983,57670,0,0,3272,179,4200,7293,0
NASD - MOEX,2022-11-16,NASD,109546,-7308,0,0,9435,578,45338,54195,0,0,-9,-179,-3645,-3475,0
NASD - MOEX,2022-11-17,NASD,109428,-118,0,0,7629,578,47085,54136,0,0,-1806,0,1747,-59,0
NASD - MOEX,2022-11-18,NASD,110184,756,0,0,9014,578,46078,54514,0,0,1385,0,-1007,378,0
NASD - MOEX,2022-11-21,NASD,115394,5210,0,0,8084,578,49613,57119,0,0,-930,0,3535,2605,0
NASD - MOEX,2022-11-22,NASD,102134,-13260,0,0,7628,533,43439,50534,0,0,-456,-45,-6174,-6585,0
NASD - MOEX,2022-11-23,NASD,107424,5290,0,0,11397,533,42315,53179,0,0,3769,0,-1124,2645,0
NASD - MOEX,2022-11-24,NASD,113130,5706,0,0,13709,533,42856,56032,0,0,2312,0,541,2853,0
NASD - MOEX,2022-11-25,NASD,113240,110,0,0,12574,534,44046,56086,0,0,-1135,1,1190,54,0
NASD - MOEX,2022-11-28,NASD,112832,-408,0,0,12716,534,43700,55882,0,0,142,0,-346,-204,0
NASD - MOEX,2022-11-29,NASD,106920,-5912,0,0,11739,534,41721,52926,0,0,-977,0,-1979,-2956,0
NASD - MOEX,2022-11-30,NASD,108796,1876,0,0,11596,531,42802,53867,0,0,-143,-3,1081,941,0
NASD - MOEX,2022-12-01,NASD,236318,127522,0,0,45855,535,72304,117624,0,0,34259,4,29502,63757,0
NASD - MOEX,2022-12-02,NASD,174672,-61646,0,0,45857,535,41479,86801,0,0,2,0,-30825,-30823,0
NASD - MOEX,2022-12-05,NASD,197722,23050,0,0,44351,535,54510,98326,0,0,-1506,0,13031,11525,0
NASD - MOEX,2022-12-06,NASD,138904,-58818,0,0,26484,535,42968,68917,0,0,-17867,0,-11542,-29409,0
NASD - MOEX,2022-12-07,NASD,114612,-24292,0,0,11982,825,45324,56481,0,0,-14502,290,2356,-12436,0
NASD - MOEX,2022-12-08,NASD,110554,-4058,0,0,9222,533,46055,54744,0,0,-2760,-292,731,-1737,0
NASD - MOEX,2022-12-09,NASD,109944,-610,0,0,10736,533,44236,54439,0,0,1514,0,-1819,-305,0
NASD - MOEX,2022-12-12,NASD,107816,-2128,0,0,10455,533,43453,53375,0,0,-281,0,-783,-1064,0
NASD - MOEX,2022-12-13,NASD,150282,42466,0,0,16853,543,58288,74598,0,0,6398,10,14835,21223,0
NASD - MOEX,2022-12-14,NASD,154012,3730,0,0,16683,2743,60323,74263,0,0,-170,2200,2035,-335,0
NASD - MOEX,2022-12-15,NASD,154058,46,0,0,15586,5213,61443,71816,0,0,-1097,2470,1120,-2447,0
NASD - MOEX,2022-12-16,NASD,122078,-31980,0,0,953,6043,60086,54996,0,0,-14633,830,-1357,-16820,0
NASD - MOEX,2022-12-19,NASD,123552,1474,0,0,509,7062,61267,54714,0,0,-444,1019,1181,-282,0
NASD - MOEX,2022-12-20,NASD,136072,12520,0,0,360,11751,67676,56285,0,0,-149,4689,6409,1571,0
NASD - MOEX,2022-12-21,NASD,132358,-3714,0,0,355,10637,65824,55542,0,0,-5,-1114,-1852,-743,0
NASD - MOEX,2022-12-22,NASD,117378,-14980,0,0,352,10113,58337,48576,0,0,-3,-524,-7487,-6966,0
NASD - MOEX,2022-12-23,NASD,142360,24982,0,0,353,11137,70827,60043,0,0,1,1024,12490,11467,0
NASD - MOEX,2022-12-26,NASD,137692,-4668,0,0,353,10953,68493,57893,0,0,0,-184,-2334,-2150,0
NASD - MOEX,2022-12-27,NASD,139956,2264,0,0,353,10777,69625,59201,0,0,0,-176,1132,1308,0
NASD - MOEX,2022-12-28,NASD,142654,2698,0,0,353,10879,70974,60448,0,0,0,102,1349,1247,0
NASD - MOEX,2022-12-29,NASD,136256,-6398,0,0,353,9638,67775,58490,0,0,0,-1241,-3199,-1958,0
NASD - MOEX,2022-12-30,NASD,128646,-7610,0,0,353,9638,63970,54685,0,0,0,0,-3805,-3805,0
SPYF - MOEX,2022-09-20,SPYF,240650,8500,0,0,91781,11451,28544,108874,0,0,6538,371,-2288,3879,0
SPYF - MOEX,2022-09-21,SPYF,240580,-70,0,0,94385,11678,25905,108612,0,0,2604,227,-2639,-262,0
SPYF - MOEX,2022-09-22,SPYF,276976,36396,0,0,100974,20236,37514,118252,0,0,6589,8558,11609,9640,0
SPYF - MOEX,2022-09-23,SPYF,280982,4006,0,0,100336,23085,40155,117406,0,0,-638,2849,2641,-846,0
SPYF - MOEX,2022-09-26,SPYF,285142,4160,0,0,100384,24398,42187,118173,0,0,48,1313,2032,767,0
SPYF - MOEX,2022-09-27,SPYF,294712,9570,0,0,100382,25066,46974,122290,0,0,-2,668,4787,4117,0
SPYF - MOEX,2022-09-28,SPYF,296920,2208,0,0,100396,26641,48064,121819,0,0,14,1575,1090,-471,0
SPYF - MOEX,2022-09-29,SPYF,297440,520,0,0,100170,27674,48550,121046,0,0,-226,1033,486,-773,0
SPYF - MOEX,2022-09-30,SPYF,281408,-16032,0,0,95301,29727,45403,110977,0,0,-4869,2053,-3147,-10069,0
SPYF - MOEX,2022-10-03,SPYF,281406,-2,0,0,95237,36309,45466,104394,0,0,-64,6582,63,-6583,0
SPYF - MOEX,2022-10-04,SPYF,262480,-18926,0,0,95255,33038,35985,98202,0,0,18,-3271,-9481,-6192,0
SPYF - MOEX,2022-10-05,SPYF,261268,-1212,0,0,95208,33855,35426,96779,0,0,-47,817,-559,-1423,0
SPYF - MOEX,2022-10-06,SPYF,266420,5152,0,0,95225,32589,37985,100621,0,0,17,-1266,2559,3842,0
SPYF - MOEX,2022-10-07,SPYF,273888,7468,0,0,95222,35399,41722,101545,0,0,-3,2810,3737,924,0
SPYF - MOEX,2022-10-10,SPYF,282166,8278,0,0,95193,44403,45890,96680,0,0,-29,9004,4168,-4865,0
SPYF - MOEX,2022-10-11,SPYF,285678,3512,0,0,95171,51412,47668,91427,0,0,-22,7009,1778,-5253,0
SPYF - MOEX,2022-10-12,SPYF,293716,8038,0,0,95134,55502,51724,91356,0,0,-37,4090,4056,-71,0
SPYF - MOEX,2022-10-13,SPYF,297724,4008,0,0,95388,60814,53474,88048,0,0,254,5312,1750,-3308,0
SPYF - MOEX,2022-10-14,SPYF,296296,-1428,0,0,94944,61416,53204,86732,0,0,-444,602,-270,-1316,0
SPYF - MOEX,2022-10-17,SPYF,291678,-4618,0,0,94966,60778,50873,85061,0,0,22,-638,-2331,-1671,0
SPYF - MOEX,2022-10-18,SPYF,280856,-10822,0,0,95041,62473,45387,77955,0,0,75,1695,-5486,-7106,0
SPYF - MOEX,2022-10-19,SPYF,281008,152,0,0,95058,62987,45446,77517,0,0,17,514,59,-438,0
SPYF - MOEX,2022-10-20,SPYF,295146,14138,0,0,95169,62901,52404,84672,0,0,111,-86,6958,7155,0
SPYF - MOEX,2022-10-21,SPYF,293444,-1702,0,0,95099,60559,51623,86163,0,0,-70,-2342,-781,1491,0
SPYF - MOEX,2022-10-24,SPYF,290820,-2624,0,0,94953,58116,50457,87294,0,0,-146,-2443,-1166,1131,0
SPYF - MOEX,2022-10-25,SPYF,279500,-11320,0,0,94955,57287,44795,82463,0,0,2,-829,-5662,-4831,0
SPYF - MOEX,2022-10-26,SPYF,275330,-4170,0,0,95208,54836,42457,82829,0,0,253,-2451,-2338,366,0
SPYF - MOEX,2022-10-27,SPYF,278738,3408,0,0,95276,54819,44093,84550,0,0,68,-17,1636,1721,0
SPYF - MOEX,2022-10-28,SPYF,285278,6540,0,0,96123,54749,46516,87890,0,0,847,-70,2423,3340,0
SPYF - MOEX,2022-10-31,SPYF,285268,-10,0,0,95927,54641,46707,87993,0,0,-196,-108,191,103,0
SPYF - MOEX,2022-11-01,SPYF,283126,-2142,0,0,95396,54986,46167,86577,0,0,-531,345,-540,-1416,0
SPYF - MOEX,2022-11-02,SPYF,283842,716,0,0,95550,55008,46371,86913,0,0,154,22,204,336,0
SPYF - MOEX,2022-11-03,SPYF,290260,6418,0,0,95406,55704,49724,89426,0,0,-144,696,3353,2513,0
SPYF - MOEX,2022-11-07,SPYF,300394,10134,0,0,101099,55352,49098,94845,0,0,5693,-352,-626,5419,0
SPYF - MOEX,2022-11-08,SPYF,303576,3182,0,0,105257,55190,46531,96598,0,0,4158,-162,-2567,1753,0
SPYF - MOEX,2022-11-09,SPYF,297120,-6456,0,0,107903,49613,40657,98947,0,0,2646,-5577,-5874,2349,0
SPYF - MOEX,2022-11-10,SPYF,291954,-5166,0,0,108425,48699,37552,97278,0,0,522,-914,-3105,-1669,0
SPYF - MOEX,2022-11-11,SPYF,290040,-1914,0,0,109465,42825,35555,102195,0,0,1040,-5874,-1997,4917,0
SPYF - MOEX,2022-11-14,SPYF,288242,-1798,0,0,109955,38782,34166,105339,0,0,490,-4043,-1389,3144,0
SPYF - MOEX,2022-11-15,SPYF,293912,5670,0,0,110113,29232,36843,117724,0,0,158,-9550,2677,12385,0
SPYF - MOEX,2022-11-16,SPYF,295792,1880,0,0,109918,29082,37978,118814,0,0,-195,-150,1135,1090,0
SPYF - MOEX,2022-11-17,SPYF,288010,-7782,0,0,109661,28677,34344,115328,0,0,-257,-405,-3634,-3486,0
SPYF - MOEX,2022-11-18,SPYF,296636,8626,0,0,110069,28316,38249,120002,0,0,408,-361,3905,4674,0
SPYF - MOEX,2022-11-21,SPYF,299294,2658,0,0,111234,26508,38413,123139,0,0,1165,-1808,164,3137,0
SPYF - MOEX,2022-11-22,SPYF,299694,400,0,0,112732,26451,37115,123396,0,0,1498,-57,-1298,257,0
SPYF - MOEX,2022-11-23,SPYF,302158,2464,0,0,113580,25454,37499,125625,0,0,848,-997,384,2229,0
SPYF - MOEX,2022-11-24,SPYF,306790,4632,0,0,114314,24641,39081,128754,0,0,734,-813,1582,3129,0
SPYF - MOEX,2022-11-25,SPYF,307850,1060,0,0,114413,24707,39512,129218,0,0,99,66,431,464,0
SPYF - MOEX,2022-11-28,SPYF,309868,2018,0,0,120683,24978,34251,129956,0,0,6270,271,-5261,738,0
SPYF - MOEX,2022-11-29,SPYF,310448,580,0,0,122321,25532,32903,129692,0,0,1638,554,-1348,-264,0
SPYF - MOEX,2022-11-30,SPYF,315036,4588,0,0,122767,26005,34751,131513,0,0,446,473,1848,1821,0
SPYF - MOEX,2022-12-01,SPYF,348004,32968,0,0,130540,26366,43462,147636,0,0,7773,361,8711,16123,0
SPYF - MOEX,2022-12-02,SPYF,366082,18078,0,0,131785,26404,51256,156637,0,0,1245,38,7794,9001,0
SPYF - MOEX,2022-12-05,SPYF,369662,3580,0,0,132897,26320,51934,158511,0,0,1112,-84,678,1874,0
SPYF - MOEX,2022-12-06,SPYF,336838,-32824,0,0,132082,26418,36337,142001,0,0,-815,98,-15597,-16510,0
SPYF - MOEX,2022-12-07,SPYF,333008,-3830,0,0,132035,27482,34469,139022,0,0,-47,1064,-1868,-2979,0
SPYF - MOEX,2022-12-08,SPYF,334178,1170,0,0,132047,28872,35042,138217,0,0,12,1390,573,-805,0
SPYF - MOEX,2022-12-09,SPYF,329590,-4588,0,0,132210,28220,32585,136575,0,0,163,-652,-2457,-1642,0
SPYF - MOEX,2022-12-12,SPYF,332918,3328,0,0,135033,28209,31426,138250,0,0,2823,-11,-1159,1675,0
SPYF - MOEX,2022-12-13,SPYF,357304,24386,0,0,137424,23174,41228,155478,0,0,2391,-5035,9802,17228,0
SPYF - MOEX,2022-12-14,SPYF,358952,1648,0,0,139023,26431,40453,153045,0,0,1599,3257,-775,-2433,0
SPYF - MOEX,2022-12-15,SPYF,372424,13472,0,0,142276,26210,43936,160002,0,0,3253,-221,3483,6957,0
SPYF - MOEX,2022-12-16,SPYF,238130,-134294,0,0,77204,16514,41861,102551,0,0,-65072,-9696,-2075,-57451,0
SPYF - MOEX,2022-12-19,SPYF,242838,4708,0,0,78632,17034,42787,104385,0,0,1428,520,926,1834,0
SPYF - MOEX,2022-12-20,SPYF,239536,-3302,0,0,76926,20063,42842,99705,0,0,-1706,3029,55,-4680,0
SPYF - MOEX,2022-12-21,SPYF,241580,2044,0,0,79294,17346,41496,103444,0,0,2368,-2717,-1346,3739,0
SPYF - MOEX,2022-12-22,SPYF,247584,6004,0,0,82349,17260,41443,106532,0,0,3055,-86,-53,3088,0
SPYF - MOEX,2022-12-23,SPYF,253324,5740,0,0,82422,21253,44240,105409,0,0,73,3993,2797,-1123,0
SPYF - MOEX,2022-12-26,SPYF,248110,-5214,0,0,82317,20245,41738,103810,0,0,-105,-1008,-2502,-1599,0
SPYF - MOEX,2022-12-27,SPYF,243366,-4744,0,0,82786,19331,38897,102352,0,0,469,-914,-2841,-1458,0
SPYF - MOEX,2022-12-28,SPYF,242882,-484,0,0,83399,18834,38042,102607,0,0,613,-497,-855,255,0
SPYF - MOEX,2022-12-29,SPYF,248330,5448,0,0,86803,18126,37362,106039,0,0,3404,-708,-680,3432,0
SPYF - MOEX,2022-12-30,SPYF,251938,3608,0,0,89380,18417,36589,107552,0,0,2577,291,-773,1513,0
MXI - MOEX,2022-09-20,MXI,65262,23314,0,0,21280,3334,11351,29297,0,0,7150,206,4507,11451,0
MXI - MOEX,2022-09-21,MXI,68162,2900,0,0,22441,3327,11640,30754,0,0,1161,-7,289,1457,0
MXI - MOEX,2022-09-22,MXI,64230,-3932,0,0,20665,3302,11450,28813,0,0,-1776,-25,-190,-1941,0
MXI - MOEX,2022-09-23,MXI,64214,-16,0,0,20722,3370,11385,28737,0,0,57,68,-65,-76,0
MXI - MOEX,2022-09-26,MXI,79684,15470,0,0,23622,3617,16220,36225,0,0,2900,247,4835,7488,0
MXI - MOEX,2022-09-27,MXI,86518,6834,0,0,26046,3647,17213,39612,0,0,2424,30,993,3387,0
MXI - MOEX,2022-09-28,MXI,86368,-150,0,0,24588,4475,18596,38709,0,0,-1458,828,1383,-903,0
MXI - MOEX,2022-09-29,MXI,78180,-8188,0,0,21588,4639,17502,34451,0,0,-3000,164,-1094,-4258,0
MXI - MOEX,2022-09-30,MXI,71150,-7030,0,0,19109,4006,16466,31569,0,0,-2479,-633,-1036,-2882,0
MXI - MOEX,2022-10-03,MXI,76198,5048,0,0,18540,3895,19559,34204,0,0,-569,-111,3093,2635,0
MXI - MOEX,2022-10-04,MXI,79870,3672,0,0,19558,3923,20377,36012,0,0,1018,28,818,1808,0
MXI - MOEX,2022-10-05,MXI,90042,10172,0,0,27550,4161,17471,40860,0,0,7992,238,-2906,4848,0
MXI - MOEX,2022-10-06,MXI,94144,4102,0,0,29844,4192,17228,42880,0,0,2294,31,-243,2020,0
MXI - MOEX,2022-10-07,MXI,111866,17722,0,0,38648,3815,17285,52118,0,0,8804,-377,57,9238,0
MXI - MOEX,2022-10-10,MXI,116314,4448,0,0,41416,3829,16741,54328,0,0,2768,14,-544,2210,0
MXI - MOEX,2022-10-11,MXI,122918,6604,0,0,45300,4210,16159,57249,0,0,3884,381,-582,2921,0
MXI - MOEX,2022-10-12,MXI,123264,346,0,0,46632,4022,15000,57610,0,0,1332,-188,-1159,361,0
MXI - MOEX,2022-10-13,MXI,128094,4830,0,0,49666,3630,14381,60417,0,0,3034,-392,-619,2807,0
MXI - MOEX,2022-10-14,MXI,132938,4844,0,0,51780,3855,14689,62614,0,0,2114,225,308,2197,0
MXI - MOEX,2022-10-17,MXI,131422,-1516,0,0,51244,4669,14467,61042,0,0,-536,814,-222,-1572,0
MXI - MOEX,2022-10-18,MXI,127572,-3850,0,0,48320,4871,15466,58915,0,0,-2924,202,999,-2127,0
MXI - MOEX,2022-10-19,MXI,130602,3030,0,0,48207,4591,17094,60710,0,0,-113,-280,1628,1795,0
MXI - MOEX,2022-10-20,MXI,125752,-4850,0,0,48107,4318,14769,58558,0,0,-100,-273,-2325,-2152,0
MXI - MOEX,2022-10-21,MXI,130240,4488,0,0,49898,4314,15222,60806,0,0,1791,-4,453,2248,0
MXI - MOEX,2022-10-24,MXI,128486,-1754,0,0,48521,6948,15722,57295,0,0,-1377,2634,500,-3511,0
MXI - MOEX,2022-10-25,MXI,125604,-2882,0,0,48532,8862,14270,53940,0,0,11,1914,-1452,-3355,0
MXI - MOEX,2022-10-26,MXI,126706,1102,0,0,48465,10766,14888,52587,0,0,-67,1904,618,-1353,0
MXI - MOEX,2022-10-27,MXI,128760,2054,0,0,47762,11137,16618,53243,0,0,-703,371,1730,656,0
MXI - MOEX,2022-10-28,MXI,128646,-114,0,0,48867,9500,15456,54823,0,0,1105,-1637,-1162,1580,0
MXI - MOEX,2022-10-31,MXI,129010,364,0,0,49554,8352,14951,56153,0,0,687,-1148,-505,1330,0
MXI - MOEX,2022-11-01,MXI,129678,668,0,0,51289,4721,13550,60118,0,0,1735,-3631,-1401,3965,0
MXI - MOEX,2022-11-02,MXI,127902,-1776,0,0,51368,3166,12583,60785,0,0,79,-1555,-967,667,0
MXI - MOEX,2022-11-03,MXI,128566,664,0,0,51667,3103,12616,61180,0,0,299,-63,33,395,0
MXI - MOEX,2022-11-07,MXI,131862,3296,0,0,49581,10154,16350,55777,0,0,-2086,7051,3734,-5403,0
MXI - MOEX,2022-11-08,MXI,134446,2584,0,0,49401,13015,17822,54208,0,0,-180,2861,1472,-1569,0
MXI - MOEX,2022-11-09,MXI,132164,-2282,0,0,49725,8584,16357,57498,0,0,324,-4431,-1465,3290,0
MXI - MOEX,2022-11-10,MXI,128144,-4020,0,0,48154,10033,15918,54039,0,0,-1571,1449,-439,-3459,0
MXI - MOEX,2022-11-11,MXI,128740,596,0,0,48612,10611,15758,53759,0,0,458,578,-160,-280,0
MXI - MOEX,2022-11-14,MXI,130254,1514,0,0,49392,8846,15735,56281,0,0,780,-1765,-23,2522,0
MXI - MOEX,2022-11-15,MXI,137342,7088,0,0,50850,8351,17821,60320,0,0,1458,-495,2086,4039,0
MXI - MOEX,2022-11-16,MXI,129924,-7418,0,0,49286,6822,15676,58140,0,0,-1564,-1529,-2145,-2180,0
MXI - MOEX,2022-11-17,MXI,130096,172,0,0,50903,3540,14145,61508,0,0,1617,-3282,-1531,3368,0
MXI - MOEX,2022-11-18,MXI,140790,10694,0,0,54961,2631,15434,67764,0,0,4058,-909,1289,6256,0
MXI - MOEX,2022-11-21,MXI,143030,2240,0,0,56007,3596,15508,67919,0,0,1046,965,74,155,0
MXI - MOEX,2022-11-22,MXI,155508,12478,0,0,62042,3805,15712,73949,0,0,6035,209,204,6030,0
MXI - MOEX,2022-11-23,MXI,155360,-148,0,0,63676,3511,14004,74169,0,0,1634,-294,-1708,220,0
MXI - MOEX,2022-11-24,MXI,155162,-198,0,0,62637,3268,14944,74313,0,0,-1039,-243,940,144,0
MXI - MOEX,2022-11-25,MXI,161720,6558,0,0,65634,3141,15226,77719,0,0,2997,-127,282,3406,0
MXI - MOEX,2022-11-28,MXI,154674,-7046,0,0,61904,3549,15433,73788,0,0,-3730,408,207,-3931,0
MXI - MOEX,2022-11-29,MXI,158304,3630,0,0,64704,3496,14448,75656,0,0,2800,-53,-985,1868,0
MXI - MOEX,2022-11-30,MXI,153500,-4804,0,0,62395,3490,14355,73260,0,0,-2309,-6,-93,-2396,0
MXI - MOEX,2022-12-01,MXI,156236,2736,0,0,63124,3387,14994,74731,0,0,729,-103,639,1471,0
MXI - MOEX,2022-12-02,MXI,150788,-5448,0,0,61479,5241,13915,70153,0,0,-1645,1854,-1079,-4578,0
MXI - MOEX,2022-12-05,MXI,154736,3948,0,0,61491,4122,15877,73246,0,0,12,-1119,1962,3093,0
MXI - MOEX,2022-12-06,MXI,150416,-4320,0,0,59573,7066,15635,68142,0,0,-1918,2944,-242,-5104,0
MXI - MOEX,2022-12-07,MXI,146032,-4384,0,0,57289,6566,15727,66450,0,0,-2284,-500,92,-1692,0
MXI - MOEX,2022-12-08,MXI,143806,-2226,0,0,56935,7606,14968,64297,0,0,-354,1040,-759,-2153,0
MXI - MOEX,2022-12-09,MXI,141394,-2412,0,0,56524,8567,14173,62130,0,0,-411,961,-795,-2167,0
MXI - MOEX,2022-12-12,MXI,134396,-6998,0,0,53766,10588,13432,56610,0,0,-2758,2021,-741,-5520,0
MXI - MOEX,2022-12-13,MXI,132874,-1522,0,0,53470,12418,12967,54019,0,0,-296,1830,-465,-2591,0
MXI - MOEX,2022-12-14,MXI,164648,31774,0,0,65188,24075,17136,58249,0,0,11718,11657,4169,4230,0
MXI - MOEX,2022-12-15,MXI,81932,-82716,0,0,27950,2903,13016,38063,0,0,-37238,-21172,-4120,-20186,0
MXI - MOEX,2022-12-16,MXI,92880,10948,0,0,33931,2915,12509,43525,0,0,5981,12,-507,5462,0
MXI - MOEX,2022-12-19,MXI,102576,9696,0,0,37349,3125,13939,48163,0,0,3418,210,1430,4638,0
MXI - MOEX,2022-12-20,MXI,92274,-10302,0,0,31671,3078,14466,43059,0,0,-5678,-47,527,-5104,0
MXI - MOEX,2022-12-21,MXI,88638,-3636,0,0,30039,3298,14280,41021,0,0,-1632,220,-186,-2038,0
MXI - MOEX,2022-12-22,MXI,90132,1494,0,0,31409,3130,13657,41936,0,0,1370,-168,-623,915,0
MXI - MOEX,2022-12-23,MXI,91354,1222,0,0,31610,3027,14067,42650,0,0,201,-103,410,714,0
MXI - MOEX,2022-12-26,MXI,126956,35602,0,0,48294,11476,15184,52002,0,0,16684,8449,1117,9352,0
MXI - MOEX,2022-12-27,MXI,109436,-17520,0,0,39288,9676,15430,45042,0,0,-9006,-1800,246,-6960,0
MXI - MOEX,2022-12-28,MXI,101672,-7764,0,0,35019,8514,15817,42322,0,0,-4269,-1162,387,-2720,0
MXI - MOEX,2022-12-29,MXI,100334,-1338,0,0,34951,8762,15216,41405,0,0,-68,248,-601,-917,0
MXI - MOEX,2022-12-30,MXI,101846,1512,0,0,34980,6866,15943,44057,0,0,29,-1896,727,2652,0
MIX - MOEX,2022-09-20,MIX,19718,106,0,0,5587,5411,4272,4448,0,0,-520,-288,573,341,0
MIX - MOEX,2022-09-21,MIX,18858,-860,0,0,4647,5238,4782,4191,0,0,-940,-173,510,-257,0
MIX - MOEX,2022-09-22,MIX,17714,-1144,0,0,4479,5375,4378,3482,0,0,-168,137,-404,-709,0
MIX - MOEX,2022-09-23,MIX,19096,1382,0,0,4189,6353,5359,3195,0,0,-290,978,981,-287,0
MIX - MOEX,2022-09-26,MIX,19500,404,0,0,3276,5296,6474,4454,0,0,-913,-1057,1115,1259,0
MIX - MOEX,2022-09-27,MIX,20618,1118,0,0,3503,4761,6806,5548,0,0,227,-535,332,1094,0
MIX - MOEX,2022-09-28,MIX,25412,4794,0,0,6300,6662,6406,6044,0,0,2797,1901,-400,496,0
MIX - MOEX,2022-09-29,MIX,32286,6874,0,0,9984,8893,6159,7250,0,0,3684,2231,-247,1206,0
MIX - MOEX,2022-09-30,MIX,33040,754,0,0,10056,8639,6464,7881,0,0,72,-254,305,631,0
MIX - MOEX,2022-10-03,MIX,38066,5026,0,0,11700,6484,7333,12549,0,0,1644,-2155,869,4668,0
MIX - MOEX,2022-10-04,MIX,40420,2354,0,0,12814,6630,7396,13580,0,0,1114,146,63,1031,0
MIX - MOEX,2022-10-05,MIX,40350,-70,0,0,13369,3700,6806,16475,0,0,555,-2930,-590,2895,0
MIX - MOEX,2022-10-06,MIX,41962,1612,0,0,14085,3795,6896,17186,0,0,716,95,90,711,0
MIX - MOEX,2022-10-07,MIX,43174,1212,0,0,14544,4235,7043,17352,0,0,459,440,147,166,0
MIX - MOEX,2022-10-10,MIX,53708,10534,0,0,19756,5500,7098,21354,0,0,5212,1265,55,4002,0
MIX - MOEX,2022-10-11,MIX,58810,5102,0,0,22670,6304,6735,23101,0,0,2914,804,-363,1747,0
MIX - MOEX,2022-10-12,MIX,62470,3660,0,0,25090,7135,6145,24100,0,0,2420,831,-590,999,0
MIX - MOEX,2022-10-13,MIX,63926,1456,0,0,25884,7357,6079,24606,0,0,794,222,-66,506,0
MIX - MOEX,2022-10-14,MIX,65494,1568,0,0,26148,7840,6599,24907,0,0,264,483,520,301,0
MIX - MOEX,2022-10-17,MIX,67698,2204,0,0,26297,8872,7552,24977,0,0,149,1032,953,70,0
MIX - MOEX,2022-10-18,MIX,65324,-2374,0,0,24932,8932,7730,23730,0,0,-1365,60,178,-1247,0
MIX - MOEX,2022-10-19,MIX,60666,-4658,0,0,22630,6421,7703,23912,0,0,-2302,-2511,-27,182,0
MIX - MOEX,2022-10-20,MIX,60434,-232,0,0,22607,6423,7610,23794,0,0,-23,2,-93,-118,0
MIX - MOEX,2022-10-21,MIX,60488,54,0,0,22987,6402,7257,23842,0,0,380,-21,-353,48,0
MIX - MOEX,2022-10-24,MIX,57972,-2516,0,0,20973,7244,8013,21742,0,0,-2014,842,756,-2100,0
MIX - MOEX,2022-10-25,MIX,54828,-3144,0,0,18893,7086,8521,20328,0,0,-2080,-158,508,-1414,0
MIX - MOEX,2022-10-26,MIX,51180,-3648,0,0,16844,8176,8746,17414,0,0,-2049,1090,225,-2914,0
MIX - MOEX,2022-10-27,MIX,51770,590,0,0,17033,8471,8852,17414,0,0,189,295,106,0,0
MIX - MOEX,2022-10-28,MIX,48340,-3430,0,0,16473,6928,7697,17242,0,0,-560,-1543,-1155,-172,0
MIX - MOEX,2022-10-31,MIX,48184,-156,0,0,16778,7174,7314,16918,0,0,305,246,-383,-324,0
MIX - MOEX,2022-11-01,MIX,50126,1942,0,0,17882,7696,7181,17367,0,0,1104,522,-133,449,0
MIX - MOEX,2022-11-02,MIX,52532,2406,0,0,18863,7778,7403,18488,0,0,981,82,222,1121,0
MIX - MOEX,2022-11-03,MIX,48402,-4130,0,0,17678,8162,6523,16039,0,0,-1185,384,-880,-2449,0
MIX - MOEX,2022-11-07,MIX,45246,-3156,0,0,16335,6815,6288,15808,0,0,-1343,-1347,-235,-231,0
MIX - MOEX,2022-11-08,MIX,44094,-1152,0,0,15884,6970,6163,15077,0,0,-451,155,-125,-731,0
MIX - MOEX,2022-11-09,MIX,44506,412,0,0,16065,7044,6188,15209,0,0,181,74,25,132,0
MIX - MOEX,2022-11-10,MIX,45634,1128,0,0,16433,7917,6384,14900,0,0,368,873,196,-309,0
MIX - MOEX,2022-11-11,MIX,47410,1776,0,0,17538,7671,6167,16034,0,0,1105,-246,-217,1134,0
MIX - MOEX,2022-11-14,MIX,49140,1730,0,0,18079,7935,6491,16635,0,0,541,264,324,601,0
MIX - MOEX,2022-11-15,MIX,48980,-160,0,0,18522,8148,5968,16342,0,0,443,213,-523,-293,0
MIX - MOEX,2022-11-16,MIX,49186,206,0,0,18181,7409,6412,17184,0,0,-341,-739,444,842,0
MIX - MOEX,2022-11-17,MIX,48378,-808,0,0,18211,7856,5978,16333,0,0,30,447,-434,-851,0
MIX - MOEX,2022-11-18,MIX,48754,376,0,0,18500,8118,5877,16259,0,0,289,262,-101,-74,0
MIX - MOEX,2022-11-21,MIX,51172,2418,0,0,19460,7572,6126,18014,0,0,960,-546,249,1755,0
MIX - MOEX,2022-11-22,MIX,53474,2302,0,0,20490,7692,6247,19045,0,0,1030,120,121,1031,0
MIX - MOEX,2022-11-23,MIX,53730,256,0,0,20613,7297,6252,19568,0,0,123,-395,5,523,0
MIX - MOEX,2022-11-24,MIX,54248,518,0,0,21019,7395,6105,19729,0,0,406,98,-147,161,0
MIX - MOEX,2022-11-25,MIX,53604,-644,0,0,21180,7618,5622,19184,0,0,161,223,-483,-545,0
MIX - MOEX,2022-11-28,MIX,52118,-1486,0,0,19997,7481,6062,18578,0,0,-1183,-137,440,-606,0
MIX - MOEX,2022-11-29,MIX,52236,118,0,0,19911,7647,6207,18471,0,0,-86,166,145,-107,0
MIX - MOEX,2022-11-30,MIX,52496,260,0,0,20181,7959,6067,18289,0,0,270,312,-140,-182,0
MIX - MOEX,2022-12-01,MIX,53330,834,0,0,20328,7853,6337,18812,0,0,147,-106,270,523,0
MIX - MOEX,2022-12-02,MIX,52824,-506,0,0,20062,8291,6350,18121,0,0,-266,438,13,-691,0
MIX - MOEX,2022-12-05,MIX,55000,2176,0,0,20219,8481,7281,19019,0,0,157,190,931,898,0
MIX - MOEX,2022-12-06,MIX,53934,-1066,0,0,19319,9234,7648,17733,0,0,-900,753,367,-1286,0
MIX - MOEX,2022-12-07,MIX,49228,-4706,0,0,17426,8471,7188,16143,0,0,-1893,-763,-460,-1590,0
MIX - MOEX,2022-12-08,MIX,48000,-1228,0,0,16912,8467,7088,15533,0,0,-514,-4,-100,-610,0
MIX - MOEX,2022-12-09,MIX,46658,-1342,0,0,16012,8240,7317,15089,0,0,-900,-227,229,-444,0
MIX - MOEX,2022-12-12,MIX,43696,-2962,0,0,14483,8041,7365,13807,0,0,-1529,-199,48,-1282,0
MIX - MOEX,2022-12-13,MIX,40916,-2780,0,0,13265,7739,7193,12719,0,0,-1218,-302,-172,-1088,0
MIX - MOEX,2022-12-14,MIX,38016,-2900,0,0,10689,7569,8319,11439,0,0,-2576,-170,1126,-1280,0
MIX - MOEX,2022-12-15,MIX,18430,-19586,0,0,4784,2457,4431,6758,0,0,-5905,-5112,-3888,-4681,0
MIX - MOEX,2022-12-16,MIX,19674,1244,0,0,4814,1627,5023,8210,0,0,30,-830,592,1452,0
MIX - MOEX,2022-12-19,MIX,31492,11818,0,0,10372,5596,5374,10150,0,0,5558,3969,351,1940,0
MIX - MOEX,2022-12-20,MIX,42304,10812,0,0,13938,10086,7214,11066,0,0,3566,4490,1840,916,0
MIX - MOEX,2022-12-21,MIX,41928,-376,0,0,13815,10109,7149,10855,0,0,-123,23,-65,-211,0
MIX - MOEX,2022-12-22,MIX,42506,578,0,0,14249,9937,7004,11316,0,0,434,-172,-145,461,0
MIX - MOEX,2022-12-23,MIX,39966,-2540,0,0,13127,9131,6856,10852,0,0,-1122,-806,-148,-464,0
MIX - MOEX,2022-12-26,MIX,37850,-2116,0,0,12139,8859,6786,10066,0,0,-988,-272,-70,-786,0
MIX - MOEX,2022-12-27,MIX,44670,6820,0,0,15569,11473,6766,10862,0,0,3430,2614,-20,796,0
MIX - MOEX,2022-12-28,MIX,53690,9020,0,0,20044,16428,6801,10417,0,0,4475,4955,35,-445,0
MIX - MOEX,2022-12-29,MIX,56858,3168,0,0,22298,17986,6131,10443,0,0,2254,1558,-670,26,0
MIX - MOEX,2022-12-30,MIX,51934,-4924,0,0,20425,14963,5542,11004,0,0,-1873,-3023,-589,561,0
Si - MOEX,2022-09-20,Si,6613696,503278,0,0,2390315,3129374,916533,177474,0,0,206750,233098,44889,18541,0
Si - MOEX,2022-09-21,Si,6657346,43650,0,0,2430627,3170008,898046,158665,0,0,40312,40634,-18487,-18809,0
Si - MOEX,2022-09-22,Si,6740918,83572,0,0,2459328,3183845,911131,186614,0,0,28701,13837,13085,27949,0
Si - MOEX,2022-09-23,Si,6979884,238966,0,0,2547652,3309274,942290,180668,0,0,88324,125429,31159,-5946,0
Si - MOEX,2022-09-26,Si,6780720,-199164,0,0,2493251,3219563,897109,170797,0,0,-54401,-89711,-45181,-9871,0
Si - MOEX,2022-09-27,Si,6789096,8376,0,0,2492504,3253888,902044,140660,0,0,-747,34325,4935,-30137,0
Si - MOEX,2022-09-28,Si,6907486,118390,0,0,2508048,3262205,945695,191538,0,0,15544,8317,43651,50878,0
Si - MOEX,2022-09-29,Si,6825840,-81646,0,0,2523500,3221789,889420,191131,0,0,15452,-40416,-56275,-407,0
Si - MOEX,2022-09-30,Si,6496706,-329134,0,0,2611192,3164553,637161,83800,0,0,87692,-57236,-252259,-107331,0
Si - MOEX,2022-10-03,Si,6451410,-45296,0,0,2613240,3142466,612465,83239,0,0,2048,-22087,-24696,-561,0
Si - MOEX,2022-10-04,Si,6465370,13960,0,0,2608699,3157079,623986,75606,0,0,-4541,14613,11521,-7633,0
Si - MOEX,2022-10-05,Si,6416842,-48528,0,0,2565589,3113683,642832,94738,0,0,-43110,-43396,18846,19132,0
Si - MOEX,2022-10-06,Si,6409384,-7458,0,0,2560457,3115827,644235,88865,0,0,-5132,2144,1403,-5873,0
Si - MOEX,2022-10-07,Si,6405984,-3400,0,0,2524358,3110994,678634,91998,0,0,-36099,-4833,34399,3133,0
Si - MOEX,2022-10-10,Si,6383178,-22806,0,0,2542060,3117575,649529,74014,0,0,17702,6581,-29105,-17984,0
Si - MOEX,2022-10-11,Si,6435106,51928,0,0,2529985,3136087,687568,81466,0,0,-12075,18512,38039,7452,0
Si - MOEX,2022-10-12,Si,6378846,-56260,0,0,2501133,3107160,688290,82263,0,0,-28852,-28927,722,797,0
Si - MOEX,2022-10-13,Si,6393466,14620,0,0,2526472,3098420,670261,98313,0,0,25339,-8740,-18029,16050,0
Si - MOEX,2022-10-14,Si,6326622,-66844,0,0,2558984,3054816,604327,108495,0,0,32512,-43604,-65934,10182,0
Si - MOEX,2022-10-17,Si,6347292,20670,0,0,2569346,3024856,604300,148790,0,0,10362,-29960,-27,40295,0
Si - MOEX,2022-10-18,Si,6307114,-40178,0,0,2553697,3029576,599860,123981,0,0,-15649,4720,-4440,-24809,0
Si - MOEX,2022-10-19,Si,6299306,-7808,0,0,2545791,2988180,603862,161473,0,0,-7906,-41396,4002,37492,0
Si - MOEX,2022-10-20,Si,6310978,11672,0,0,2526622,3023019,628867,132470,0,0,-19169,34839,25005,-29003,0
Si - MOEX,2022-10-21,Si,6273482,-37496,0,0,2531473,3010013,605268,126728,0,0,4851,-13006,-23599,-5742,0
Si - MOEX,2022-10-24,Si,6353678,80196,0,0,2523492,3054640,653347,122199,0,0,-7981,44627,48079,-4529,0
Si - MOEX,2022-10-25,Si,6368520,14842,0,0,2509207,3052874,675053,131386,0,0,-14285,-1766,21706,9187,0
Si - MOEX,2022-10-26,Si,6368148,-372,0,0,2529711,3067845,654363,116229,0,0,20504,14971,-20690,-15157,0
Si - MOEX,2022-10-27,Si,6345396,-22752,0,0,2518435,3059550,654263,113148,0,0,-11276,-8295,-100,-3081,0
Si - MOEX,2022-10-28,Si,6346220,824,0,0,2503316,3054029,669794,119081,0,0,-15119,-5521,15531,5933,0
Si - MOEX,2022-10-31,Si,6294136,-52084,0,0,2510852,3015247,636216,131821,0,0,7536,-38782,-33578,12740,0
Si - MOEX,2022-11-01,Si,6299254,5118,0,0,2523933,2993998,625694,155629,0,0,13081,-21249,-10522,23808,0
Si - MOEX,2022-11-02,Si,6303168,3914,0,0,2515813,3023123,635771,128461,0,0,-8120,29125,10077,-27168,0
Si - MOEX,2022-11-03,Si,6300498,-2670,0,0,2553660,3024684,596589,125565,0,0,37847,1561,-39182,-2896,0
Si - MOEX,2022-11-07,Si,6363160,62662,0,0,2547160,3010070,634420,171510,0,0,-6500,-14614,37831,45945,0
Si - MOEX,2022-11-08,Si,6324224,-38936,0,0,2550534,3005237,611578,156875,0,0,3374,-4833,-22842,-14635,0
Si - MOEX,2022-11-09,Si,6357634,33410,0,0,2515137,3050407,663680,128410,0,0,-35397,45170,52102,-28465,0
Si - MOEX,2022-11-10,Si,6370848,13214,0,0,2539494,3018418,645930,167006,0,0,24357,-31989,-17750,38596,0
Si - MOEX,2022-11-11,Si,6442718,71870,0,0,2543182,3073824,678177,147535,0,0,3688,55406,32247,-19471,0
Si - MOEX,2022-11-14,Si,6406610,-36108,0,0,2546565,3082042,656740,121263,0,0,3383,8218,-21437,-26272,0
Si - MOEX,2022-11-15,Si,6431276,24666,0,0,2561577,3074374,654061,141264,0,0,15012,-7668,-2679,20001,0
Si - MOEX,2022-11-16,Si,6407634,-23642,0,0,2555416,3074449,648401,129368,0,0,-6161,75,-5660,-11896,0
Si - MOEX,2022-11-17,Si,6434760,27126,0,0,2528561,3100887,688819,116493,0,0,-26855,26438,40418,-12875,0
Si - MOEX,2022-11-18,Si,6503866,69106,0,0,2549256,3146804,702677,105129,0,0,20695,45917,13858,-11364,0
Si - MOEX,2022-11-21,Si,6458798,-45068,0,0,2547945,3124423,681454,104976,0,0,-1311,-22381,-21223,-153,0
Si - MOEX,2022-11-22,Si,6473116,14318,0,0,2567328,3065305,669230,171253,0,0,19383,-59118,-12224,66277,0
Si - MOEX,2022-11-23,Si,6384670,-88446,0,0,2531823,3075412,660512,116923,0,0,-35505,10107,-8718,-54330,0
Si - MOEX,2022-11-24,Si,6538976,154306,0,0,2627814,3170246,641674,99242,0,0,95991,94834,-18838,-17681,0
Si - MOEX,2022-11-25,Si,6535678,-3298,0,0,2579667,3159149,688172,108690,0,0,-48147,-11097,46498,9448,0
Si - MOEX,2022-11-28,Si,6601320,65642,0,0,2554968,3216763,745692,83897,0,0,-24699,57614,57520,-24793,0
Si - MOEX,2022-11-29,Si,6642206,40886,0,0,2601041,3235351,720062,85752,0,0,46073,18588,-25630,1855,0
Si - MOEX,2022-11-30,Si,6682994,40788,0,0,2622295,3246408,719202,95089,0,0,21254,11057,-860,9337,0
Si - MOEX,2022-12-01,Si,6736008,53014,0,0,2598931,3267615,769073,100389,0,0,-23364,21207,49871,5300,0
Si - MOEX,2022-12-02,Si,6723844,-12164,0,0,2607526,3252886,754396,109036,0,0,8595,-14729,-14677,8647,0
Si - MOEX,2022-12-05,Si,6695674,-28170,0,0,2585248,3241832,762589,106005,0,0,-22278,-11054,8193,-3031,0
Si - MOEX,2022-12-06,Si,6573308,-122366,0,0,2555898,3174958,730756,111696,0,0,-29350,-66874,-31833,5691,0
Si - MOEX,2022-12-07,Si,6593494,20186,0,0,2544768,3180692,751979,116055,0,0,-11130,5734,21223,4359,0
Si - MOEX,2022-12-08,Si,6373718,-219776,0,0,2490848,3036268,696011,150591,0,0,-53920,-144424,-55968,34536,0
Si - MOEX,2022-12-09,Si,6315756,-57962,0,0,2423097,3035455,734781,122423,0,0,-67751,-813,38770,-28168,0
Si - MOEX,2022-12-12,Si,6373306,57550,0,0,2374536,3071040,812117,115613,0,0,-48561,35585,77336,-6810,0
Si - MOEX,2022-12-13,Si,6294072,-79234,0,0,2389759,3032505,757277,114531,0,0,15223,-38535,-54840,-1082,0
Si - MOEX,2022-12-14,Si,6261802,-32270,0,0,2390379,2985993,740522,144908,0,0,620,-46512,-16755,30377,0
Si - MOEX,2022-12-15,Si,5311294,-950508,0,0,2107680,2573981,547967,81666,0,0,-282699,-412012,-192555,-63242,0
Si - MOEX,2022-12-16,Si,5385754,74460,0,0,2126831,2578325,566046,114552,0,0,19151,4344,18079,32886,0
Si - MOEX,2022-12-19,Si,5634404,248650,0,0,2270929,2629806,546273,187396,0,0,144098,51481,-19773,72844,0
Si - MOEX,2022-12-20,Si,5878486,244082,0,0,2394484,2750702,544759,188541,0,0,123555,120896,-1514,1145,0
Si - MOEX,2022-12-21,Si,5932212,53726,0,0,2431456,2773148,534650,192958,0,0,36972,22446,-10109,4417,0
Si - MOEX,2022-12-22,Si,5960156,27944,0,0,2504216,2804866,475862,175212,0,0,72760,31718,-58788,-17746,0
Si - MOEX,2022-12-23,Si,6013100,52944,0,0,2533502,2845142,473048,161408,0,0,29286,40276,-2814,-13804,0
Si - MOEX,2022-12-26,Si,6046798,33698,0,0,2494985,2873420,528414,149979,0,0,-38517,28278,55366,-11429,0
Si - MOEX,2022-12-27,Si,6113254,66456,0,0,2501902,2888755,554725,167872,0,0,6917,15335,26311,17893,0
Si - MOEX,2022-12-28,Si,6003930,-109324,0,0,2477557,2780546,524408,221419,0,0,-24345,-108209,-30317,53547,0
Si - MOEX,2022-12-29,Si,6099866,95936,0,0,2599769,2863143,450164,186790,0,0,122212,82597,-74244,-34629,0
Si - MOEX,2022-12-30,Si,6283874,184008,0,0,2717376,2909509,424561,232428,0,0,117607,46366,-25603,45638,0
ED - MOEX,2022-09-20,ED,175732,-72,0,0,32537,23910,55329,63956,0,0,-185,-2217,149,2181,0
ED - MOEX,2022-09-21,ED,194188,18456,0,0,35342,33202,61752,63892,0,0,2805,9292,6423,-64,0
ED - MOEX,2022-09-22,ED,207122,12934,0,0,37693,39226,65868,64335,0,0,2351,6024,4116,443,0
ED - MOEX,2022-09-23,ED,216076,8954,0,0,41620,47045,66418,60993,0,0,3927,7819,550,-3342,0
ED - MOEX,2022-09-26,ED,211920,-4156,0,0,43951,47129,62009,58831,0,0,2331,84,-4409,-2162,0
ED - MOEX,2022-09-27,ED,227968,16048,0,0,42894,54662,71090,59322,0,0,-1057,7533,9081,491,0
ED - MOEX,2022-09-28,ED,217196,-10772,0,0,46592,56516,62006,52082,0,0,3698,1854,-9084,-7240,0
ED - MOEX,2022-09-29,ED,198366,-18830,0,0,48905,50754,50278,48429,0,0,2313,-5762,-11728,-3653,0
ED - MOEX,2022-09-30,ED,108318,-90048,0,0,36863,9026,17296,45133,0,0,-12042,-41728,-32982,-3296,0
ED - MOEX,2022-10-03,ED,102822,-5496,0,0,34305,7416,17106,43995,0,0,-2558,-1610,-190,-1138,0
ED - MOEX,2022-10-04,ED,92656,-10166,0,0,28473,6034,17855,40294,0,0,-5832,-1382,749,-3701,0
ED - MOEX,2022-10-05,ED,98986,6330,0,0,28459,12806,21034,36687,0,0,-14,6772,3179,-3607,0
ED - MOEX,2022-10-06,ED,113698,14712,0,0,27792,21535,29057,35314,0,0,-667,8729,8023,-1373,0
ED - MOEX,2022-10-07,ED,92810,-20888,0,0,27206,16472,19199,29933,0,0,-586,-5063,-9858,-5381,0
ED - MOEX,2022-10-10,ED,89292,-3518,0,0,27073,13580,17573,31066,0,0,-133,-2892,-1626,1133,0
ED - MOEX,2022-10-11,ED,110766,21474,0,0,24124,32509,31259,22874,0,0,-2949,18929,13686,-8192,0
ED - MOEX,2022-10-12,ED,99854,-10912,0,0,23235,31201,26692,18726,0,0,-889,-1308,-4567,-4148,0
ED - MOEX,2022-10-13,ED,140880,41026,0,0,27590,45094,42850,25346,0,0,4355,13893,16158,6620,0
ED - MOEX,2022-10-14,ED,154860,13980,0,0,29421,51627,48009,25803,0,0,1831,6533,5159,457,0
ED - MOEX,2022-10-17,ED,151180,-3680,0,0,29473,50645,46117,24945,0,0,52,-982,-1892,-858,0
ED - MOEX,2022-10-18,ED,148680,-2500,0,0,29686,50553,44654,23787,0,0,213,-92,-1463,-1158,0
ED - MOEX,2022-10-19,ED,144266,-4414,0,0,29684,48709,42449,23424,0,0,-2,-1844,-2205,-363,0
ED - MOEX,2022-10-20,ED,145352,1086,0,0,28914,49595,43762,23081,0,0,-770,886,1313,-343,0
ED - MOEX,2022-10-21,ED,131484,-13868,0,0,24987,43865,40755,21877,0,0,-3927,-5730,-3007,-1204,0
ED - MOEX,2022-10-24,ED,149406,17922,0,0,29409,49377,45294,25326,0,0,4422,5512,4539,3449,0
ED - MOEX,2022-10-25,ED,122464,-26942,0,0,26343,37893,34889,23339,0,0,-3066,-11484,-10405,-1987,0
ED - MOEX,2022-10-26,ED,126048,3584,0,0,26209,32692,36815,30332,0,0,-134,-5201,1926,6993,0
ED - MOEX,2022-10-27,ED,131642,5594,0,0,27396,36114,38425,29707,0,0,1187,3422,1610,-625,0
ED - MOEX,2022-10-28,ED,122904,-8738,0,0,25840,33277,35612,28175,0,0,-1556,-2837,-2813,-1532,0
ED - MOEX,2022-10-31,ED,112686,-10218,0,0,23995,31634,32348,24709,0,0,-1845,-1643,-3264,-3466,0
ED - MOEX,2022-11-01,ED,121026,8340,0,0,24065,35414,36448,25099,0,0,70,3780,4100,390,0
ED - MOEX,2022-11-02,ED,122930,1904,0,0,24821,35653,36644,25812,0,0,756,239,196,713,0
ED - MOEX,2022-11-03,ED,118134,-4796,0,0,24794,36410,34273,22657,0,0,-27,757,-2371,-3155,0
ED - MOEX,2022-11-07,ED,118594,460,0,0,24568,34637,34729,24660,0,0,-226,-1773,456,2003,0
ED - MOEX,2022-11-08,ED,127148,8554,0,0,25861,32550,37713,31024,0,0,1293,-2087,2984,6364,0
ED - MOEX,2022-11-09,ED,131340,4192,0,0,25946,34314,39724,31356,0,0,85,1764,2011,332,0
ED - MOEX,2022-11-10,ED,172732,41392,0,0,35283,58028,51083,28338,0,0,9337,23714,11359,-3018,0
ED - MOEX,2022-11-11,ED,642568,469836,0,0,202287,285582,118997,35702,0,0,167004,227554,67914,7364,0
ED - MOEX,2022-11-14,ED,738642,96074,0,0,240699,333176,128622,36145,0,0,38412,47594,9625,443,0
ED - MOEX,2022-11-15,ED,883832,145190,0,0,282103,403086,159813,38830,0,0,41404,69910,31191,2685,0
ED - MOEX,2022-11-16,ED,939282,55450,0,0,303524,428867,166117,40774,0,0,21421,25781,6304,1944,0
ED - MOEX,2022-11-17,ED,1009096,69814,0,0,339303,462815,165245,41733,0,0,35779,33948,-872,959,0
ED - MOEX,2022-11-18,ED,1080772,71676,0,0,388331,483345,152055,57041,0,0,49028,20530,-13190,15308,0
ED - MOEX,2022-11-21,ED,1058508,-22264,0,0,378756,484260,150498,44994,0,0,-9575,915,-1557,-12047,0
ED - MOEX,2022-11-22,ED,1083528,25020,0,0,385414,494469,156350,47295,0,0,6658,10209,5852,2301,0
ED - MOEX,2022-11-23,ED,1119920,36392,0,0,392696,514999,167264,44961,0,0,7282,20530,10914,-2334,0
ED - MOEX,2022-11-24,ED,1258510,138590,0,0,440494,594272,188761,34983,0,0,47798,79273,21497,-9978,0
ED - MOEX,2022-11-25,ED,1261244,2734,0,0,441666,594397,188956,36225,0,0,1172,125,195,1242,0
ED - MOEX,2022-11-28,ED,1274664,13420,0,0,450407,593596,186925,43736,0,0,8741,-801,-2031,7511,0
ED - MOEX,2022-11-29,ED,1282462,7798,0,0,457242,594183,183989,47048,0,0,6835,587,-2936,3312,0
ED - MOEX,2022-11-30,ED,1274936,-7526,0,0,456364,594162,181104,43306,0,0,-878,-21,-2885,-3742,0
ED - MOEX,2022-12-01,ED,1301922,26986,0,0,479794,594061,171167,56900,0,0,23430,-101,-9937,13594,0
ED - MOEX,2022-12-02,ED,1292930,-8992,0,0,487015,594325,159450,52140,0,0,7221,264,-11717,-4760,0
ED - MOEX,2022-12-05,ED,1303886,10956,0,0,491476,594058,160467,57885,0,0,4461,-267,1017,5745,0
ED - MOEX,2022-12-06,ED,1309882,5996,0,0,500746,594113,154195,60828,0,0,9270,55,-6272,2943,0
ED - MOEX,2022-12-07,ED,1326680,16798,0,0,520885,594377,142455,68963,0,0,20139,264,-11740,8135,0
ED - MOEX,2022-12-08,ED,1314832,-11848,0,0,522422,594458,134994,62958,0,0,1537,81,-7461,-6005,0
ED - MOEX,2022-12-09,ED,1312974,-1858,0,0,521762,595215,134725,61272,0,0,-660,757,-269,-1686,0
ED - MOEX,2022-12-12,ED,1311308,-1666,0,0,524591,594746,131063,60908,0,0,2829,-469,-3662,-364,0
ED - MOEX,2022-12-13,ED,1304852,-6456,0,0,540593,591555,111833,60871,0,0,16002,-3191,-19230,-37,0
ED - MOEX,2022-12-14,ED,1305436,584,0,0,552221,591786,100497,60932,0,0,11628,231,-11336,61,0
ED - MOEX,2022-12-15,ED,174758,-1130678,0,0,43203,42612,44176,44767,0,0,-509018,-549174,-56321,-16165,0
ED - MOEX,2022-12-16,ED,186254,11496,0,0,44523,41741,48604,51386,0,0,1320,-871,4428,6619,0
ED - MOEX,2022-12-19,ED,184306,-1948,0,0,45274,41600,46879,50553,0,0,751,-141,-1725,-833,0
ED - MOEX,2022-12-20,ED,188914,4608,0,0,51019,44585,43438,49872,0,0,5745,2985,-3441,-681,0
ED - MOEX,2022-12-21,ED,209768,20854,0,0,53390,65224,51494,39660,0,0,2371,20639,8056,-10212,0
ED - MOEX,2022-12-22,ED,210312,544,0,0,53656,65221,51500,39935,0,0,266,-3,6,275,0
ED - MOEX,2022-12-23,ED,218274,7962,0,0,53647,69834,55490,39303,0,0,-9,4613,3990,-632,0
ED - MOEX,2022-12-26,ED,281870,63596,0,0,83033,101843,57902,39092,0,0,29386,32009,2412,-211,0
ED - MOEX,2022-12-27,ED,327758,45888,0,0,99704,121725,64175,42154,0,0,16671,19882,6273,3062,0
ED - MOEX,2022-12-28,ED,376188,48430,0,0,121175,137592,66919,50502,0,0,21471,15867,2744,8348,0
ED - MOEX,2022-12-29,ED,526854,150666,0,0,205156,209413,58271,54014,0,0,83981,71821,-8648,3512,0
ED - MOEX,2022-12-30,ED,665014,138160,0,0,266209,283494,66298,49013,0,0,61053,74081,8027,-5001,0
GOLD - MOEX,2022-09-20,GOLD,459260,10844,0,0,123902,208721,105728,20909,0,0,-1020,8901,6442,-3479,0
GOLD - MOEX,2022-09-21,GOLD,477758,18498,0,0,127308,218664,111571,20215,0,0,3406,9943,5843,-694,0
GOLD - MOEX,2022-09-22,GOLD,474610,-3148,0,0,125476,217307,111829,19998,0,0,-1832,-1357,258,-217,0
GOLD - MOEX,2022-09-23,GOLD,481370,6760,0,0,124487,219474,116198,21211,0,0,-989,2167,4369,1213,0
GOLD - MOEX,2022-09-26,GOLD,480246,-1124,0,0,128813,217048,111310,23075,0,0,4326,-2426,-4888,1864,0
GOLD - MOEX,2022-09-27,GOLD,465464,-14782,0,0,128369,205424,104363,27308,0,0,-444,-11624,-6947,4233,0
GOLD - MOEX,2022-09-28,GOLD,448476,-16988,0,0,135891,189043,88347,35195,0,0,7522,-16381,-16016,7887,0
GOLD - MOEX,2022-09-29,GOLD,419508,-28968,0,0,121694,177094,88060,32660,0,0,-14197,-11949,-287,-2535,0
GOLD - MOEX,2022-09-30,GOLD,417020,-2488,0,0,135184,172124,73326,36386,0,0,13490,-4970,-14734,3726,0
GOLD - MOEX,2022-10-03,GOLD,413362,-3658,0,0,135950,166701,70731,39980,0,0,766,-5423,-2595,3594,0
GOLD - MOEX,2022-10-04,GOLD,425966,12604,0,0,149011,166207,63972,46776,0,0,13061,-494,-6759,6796,0
GOLD - MOEX,2022-10-05,GOLD,423954,-2012,0,0,149152,168059,62825,43918,0,0,141,1852,-1147,-2858,0
GOLD - MOEX,2022-10-06,GOLD,434860,10906,0,0,155732,169303,61698,48127,0,0,6580,1244,-1127,4209,0
GOLD - MOEX,2022-10-07,GOLD,443868,9008,0,0,157723,181111,64211,40823,0,0,1991,11808,2513,-7304,0
GOLD - MOEX,2022-10-10,GOLD,436696,-7172,0,0,150493,185307,67855,33041,0,0,-7230,4196,3644,-7782,0
GOLD - MOEX,2022-10-11,GOLD,438006,1310,0,0,150172,184552,68831,34451,0,0,-321,-755,976,1410,0
GOLD - MOEX,2022-10-12,GOLD,448250,10244,0,0,152028,191556,72097,32569,0,0,1856,7004,3266,-1882,0
GOLD - MOEX,2022-10-13,GOLD,461110,12860,0,0,154009,196973,76546,33582,0,0,1981,5417,4449,1013,0
GOLD - MOEX,2022-10-14,GOLD,478440,17330,0,0,158402,205000,80818,34220,0,0,4393,8027,4272,638,0
GOLD - MOEX,2022-10-17,GOLD,483264,4824,0,0,165088,202532,76544,39100,0,0,6686,-2468,-4274,4880,0
GOLD - MOEX,2022-10-18,GOLD,485308,2044,0,0,162917,204560,79737,38094,0,0,-2171,2028,3193,-1006,0
GOLD - MOEX,2022-10-19,GOLD,506324,21016,0,0,166252,217239,86910,35923,0,0,3335,12679,7173,-2171,0
GOLD - MOEX,2022-10-20,GOLD,506890,566,0,0,171338,216161,82107,37284,0,0,5086,-1078,-4803,1361,0
GOLD - MOEX,2022-10-21,GOLD,525060,18170,0,0,174411,218915,88119,43615,0,0,3073,2754,6012,6331,0
GOLD - MOEX,2022-10-24,GOLD,509358,-15702,0,0,167787,219483,86892,35196,0,0,-6624,568,-1227,-8419,0
GOLD - MOEX,2022-10-25,GOLD,504902,-4456,0,0,167123,219321,85328,33130,0,0,-664,-162,-1564,-2066,0
GOLD - MOEX,2022-10-26,GOLD,508858,3956,0,0,167610,225353,86819,29076,0,0,487,6032,1491,-4054,0
GOLD - MOEX,2022-10-27,GOLD,521744,12886,0,0,170526,233169,90346,27703,0,0,2916,7816,3527,-1373,0
GOLD - MOEX,2022-10-28,GOLD,527046,5302,0,0,165945,236817,97578,26706,0,0,-4581,3648,7232,-997,0
GOLD - MOEX,2022-10-31,GOLD,473016,-54030,0,0,139257,208861,97251,27647,0,0,-26688,-27956,-327,941,0
GOLD - MOEX,2022-11-01,GOLD,460326,-12690,0,0,139250,200338,90913,29825,0,0,-7,-8523,-6338,2178,0
GOLD - MOEX,2022-11-02,GOLD,463464,3138,0,0,139802,203508,91930,28224,0,0,552,3170,1017,-1601,0
GOLD - MOEX,2022-11-03,GOLD,484676,21212,0,0,133965,212442,108373,29896,0,0,-5837,8934,16443,1672,0
GOLD - MOEX,2022-11-07,GOLD,471560,-13116,0,0,139821,203353,95959,32427,0,0,5856,-9089,-12414,2531,0
GOLD - MOEX,2022-11-08,GOLD,477410,5850,0,0,138003,198216,100702,40489,0,0,-1818,-5137,4743,8062,0
GOLD - MOEX,2022-11-09,GOLD,472206,-5204,0,0,133363,197334,102740,38769,0,0,-4640,-882,2038,-1720,0
GOLD - MOEX,2022-11-10,GOLD,488570,16364,0,0,139925,196812,104360,47473,0,0,6562,-522,1620,8704,0
GOLD - MOEX,2022-11-11,GOLD,490458,1888,0,0,151030,198918,94199,46311,0,0,11105,2106,-10161,-1162,0
GOLD - MOEX,2022-11-14,GOLD,496270,5812,0,0,151148,194609,96987,53526,0,0,118,-4309,2788,7215,0
GOLD - MOEX,2022-11-15,GOLD,515868,19598,0,0,158737,193892,99197,64042,0,0,7589,-717,2210,10516,0
GOLD - MOEX,2022-11-16,GOLD,548318,32450,0,0,172769,202520,101390,71639,0,0,14032,8628,2193,7597,0
GOLD - MOEX,2022-11-17,GOLD,551422,3104,0,0,179301,204495,96410,71216,0,0,6532,1975,-4980,-423,0
GOLD - MOEX,2022-11-18,GOLD,549946,-1476,0,0,179447,207372,95526,67601,0,0,146,2877,-884,-3615,0
GOLD - MOEX,2022-11-21,GOLD,530666,-19280,0,0,174043,207638,91290,57695,0,0,-5404,266,-4236,-9906,0
GOLD - MOEX,2022-11-22,GOLD,543792,13126,0,0,176363,212241,95533,59655,0,0,2320,4603,4243,1960,0
GOLD - MOEX,2022-11-23,GOLD,544136,344,0,0,175110,219315,96958,52753,0,0,-1253,7074,1425,-6902,0
GOLD - MOEX,2022-11-24,GOLD,553756,9620,0,0,176094,223199,100784,53679,0,0,984,3884,3826,926,0
GOLD - MOEX,2022-11-25,GOLD,550418,-3338,0,0,176052,223492,99157,51717,0,0,-42,293,-1627,-1962,0
GOLD - MOEX,2022-11-28,GOLD,565886,15468,0,0,177776,230176,105167,52767,0,0,1724,6684,6010,1050,0
GOLD - MOEX,2022-11-29,GOLD,571734,5848,0,0,179501,225047,106366,60820,0,0,1725,-5129,1199,8053,0
GOLD - MOEX,2022-11-30,GOLD,599730,27996,0,0,185806,237445,114059,62420,0,0,6305,12398,7693,1600,0
GOLD - MOEX,2022-12-01,GOLD,628050,28320,0,0,194470,234861,119555,79164,0,0,8664,-2584,5496,16744,0
GOLD - MOEX,2022-12-02,GOLD,613980,-14070,0,0,190726,235329,116264,71661,0,0,-3744,468,-3291,-7503,0
GOLD - MOEX,2022-12-05,GOLD,598016,-15964,0,0,190513,235787,108495,63221,0,0,-213,458,-7769,-8440,0
GOLD - MOEX,2022-12-06,GOLD,584240,-13776,0,0,184302,233127,107818,58993,0,0,-6211,-2660,-677,-4228,0
GOLD - MOEX,2022-12-07,GOLD,574448,-9792,0,0,183508,232055,103716,55169,0,0,-794,-1072,-4102,-3824,0
GOLD - MOEX,2022-12-08,GOLD,581046,6598,0,0,180070,231928,110453,58595,0,0,-3438,-127,6737,3426,0
GOLD - MOEX,2022-12-09,GOLD,576828,-4218,0,0,180384,227255,108030,61159,0,0,314,-4673,-2423,2564,0
GOLD - MOEX,2022-12-12,GOLD,570272,-6556,0,0,178351,224847,106785,60289,0,0,-2033,-2408,-1245,-870,0
GOLD - MOEX,2022-12-13,GOLD,615604,45332,0,0,194906,245900,112896,61902,0,0,16555,21053,6111,1613,0
GOLD - MOEX,2022-12-14,GOLD,636974,21370,0,0,194104,255183,124383,63304,0,0,-802,9283,11487,1402,0
GOLD - MOEX,2022-12-15,GOLD,593180,-43794,0,0,194424,244579,102166,52011,0,0,320,-10604,-22217,-11293,0
GOLD - MOEX,2022-12-16,GOLD,322916,-270264,0,0,96592,110280,64866,51178,0,0,-97832,-134299,-37300,-833,0
GOLD - MOEX,2022-12-19,GOLD,315630,-7286,0,0,93089,106209,64726,51606,0,0,-3503,-4071,-140,428,0
GOLD - MOEX,2022-12-20,GOLD,318462,2832,0,0,89859,108991,69372,50240,0,0,-3230,2782,4646,-1366,0
GOLD - MOEX,2022-12-21,GOLD,326048,7586,0,0,89441,117476,73583,45548,0,0,-418,8485,4211,-4692,0
GOLD - MOEX,2022-12-22,GOLD,336550,10502,0,0,90112,132363,78163,35912,0,0,671,14887,4580,-9636,0
GOLD - MOEX,2022-12-23,GOLD,360374,23824,0,0,92827,147407,87360,32780,0,0,2715,15044,9197,-3132,0
GOLD - MOEX,2022-12-26,GOLD,362306,1932,0,0,93175,150900,87978,30253,0,0,348,3493,618,-2527,0
GOLD - MOEX,2022-12-27,GOLD,367570,5264,0,0,94747,149073,89038,34712,0,0,1572,-1827,1060,4459,0
GOLD - MOEX,2022-12-28,GOLD,392338,24768,0,0,95157,153790,101012,42379,0,0,410,4717,11974,7667,0
GOLD - MOEX,2022-12-29,GOLD,391656,-682,0,0,95074,152232,100754,43596,0,0,-83,-1558,-258,1217,0
GOLD - MOEX,2022-12-30,GOLD,358926,-32730,0,0,94641,135883,84822,43580,0,0,-433,-16349,-15932,-16,0
SILV - MOEX,2022-09-20,SILV,141238,-248,0,0,4044,37385,66575,33234,0,0,-3322,-1964,3198,1840,0
SILV - MOEX,2022-09-21,SILV,140014,-1224,0,0,4124,39572,65883,30435,0,0,80,2187,-692,-2799,0
SILV - MOEX,2022-09-22,SILV,143612,3598,0,0,4197,40181,67609,31625,0,0,73,609,1726,1190,0
SILV - MOEX,2022-09-23,SILV,145758,2146,0,0,4304,41233,68575,31646,0,0,107,1052,966,21,0
SILV - MOEX,2022-09-26,SILV,145914,156,0,0,4314,38427,68643,34530,0,0,10,-2806,68,2884,0
SILV - MOEX,2022-09-27,SILV,143920,-1994,0,0,4590,38227,67370,33733,0,0,276,-200,-1273,-797,0
SILV - MOEX,2022-09-28,SILV,145880,1960,0,0,3722,40198,69218,32742,0,0,-868,1971,1848,-991,0
SILV - MOEX,2022-09-29,SILV,146562,682,0,0,3739,42942,69542,30339,0,0,17,2744,324,-2403,0
SILV - MOEX,2022-09-30,SILV,133954,-12608,0,0,3641,42613,63336,24364,0,0,-98,-329,-6206,-5975,0
SILV - MOEX,2022-10-03,SILV,120666,-13288,0,0,2961,35335,57372,24998,0,0,-680,-7278,-5964,634,0
SILV - MOEX,2022-10-04,SILV,108474,-12192,0,0,2701,28524,51536,25713,0,0,-260,-6811,-5836,715,0
SILV - MOEX,2022-10-05,SILV,119328,10854,0,0,4667,27425,54997,32239,0,0,1966,-1099,3461,6526,0
SILV - MOEX,2022-10-06,SILV,120474,1146,0,0,4681,29851,55556,30386,0,0,14,2426,559,-1853,0
SILV - MOEX,2022-10-07,SILV,122666,2192,0,0,4769,30358,56564,30975,0,0,88,507,1008,589,0
SILV - MOEX,2022-10-10,SILV,134532,11866,0,0,4942,31000,62324,36266,0,0,173,642,5760,5291,0
SILV - MOEX,2022-10-11,SILV,146276,11744,0,0,4981,31318,68157,41820,0,0,39,318,5833,5554,0
SILV - MOEX,2022-10-12,SILV,165482,19206,0,0,5008,38503,77733,44238,0,0,27,7185,9576,2418,0
SILV - MOEX,2022-10-13,SILV,187896,22414,0,0,3525,47413,90423,46535,0,0,-1483,8910,12690,2297,0
SILV - MOEX,2022-10-14,SILV,221698,33802,0,0,4512,61484,106337,49365,0,0,987,14071,15914,2830,0
SILV - MOEX,2022-10-17,SILV,219180,-2518,0,0,5079,68305,104511,41285,0,0,567,6821,-1826,-8080,0
SILV - MOEX,2022-10-18,SILV,222908,3728,0,0,4860,74147,106594,37307,0,0,-219,5842,2083,-3978,0
SILV - MOEX,2022-10-19,SILV,227594,4686,0,0,4928,76185,108869,37612,0,0,68,2038,2275,305,0
SILV - MOEX,2022-10-20,SILV,223142,-4452,0,0,3903,74296,107668,37275,0,0,-1025,-1889,-1201,-337,0
SILV - MOEX,2022-10-21,SILV,216184,-6958,0,0,4783,74025,103309,34067,0,0,880,-271,-4359,-3208,0
SILV - MOEX,2022-10-24,SILV,207556,-8628,0,0,4757,74302,99021,29476,0,0,-26,277,-4288,-4591,0
SILV - MOEX,2022-10-25,SILV,213752,6196,0,0,4186,74926,102690,31950,0,0,-571,624,3669,2474,0
SILV - MOEX,2022-10-26,SILV,205524,-8228,0,0,4330,75883,98432,26879,0,0,144,957,-4258,-5071,0
SILV - MOEX,2022-10-27,SILV,207368,1844,0,0,3327,75552,100357,28132,0,0,-1003,-331,1925,1253,0
SILV - MOEX,2022-10-28,SILV,206798,-570,0,0,3439,77149,99960,26250,0,0,112,1597,-397,-1882,0
SILV - MOEX,2022-10-31,SILV,208406,1608,0,0,3417,78766,100786,25437,0,0,-22,1617,826,-813,0
SILV - MOEX,2022-11-01,SILV,196026,-12380,0,0,2918,78686,95095,19327,0,0,-499,-80,-5691,-6110,0
SILV - MOEX,2022-11-02,SILV,194668,-1358,0,0,2733,78789,94601,18545,0,0,-185,103,-494,-782,0
SILV - MOEX,2022-11-03,SILV,212152,17484,0,0,4892,80516,101184,25560,0,0,2159,1727,6583,7015,0
SILV - MOEX,2022-11-07,SILV,146516,-65636,0,0,6315,40852,66943,32406,0,0,1423,-39664,-34241,6846,0
SILV - MOEX,2022-11-08,SILV,142070,-4446,0,0,4680,39653,66355,31382,0,0,-1635,-1199,-588,-1024,0
SILV - MOEX,2022-11-09,SILV,141926,-144,0,0,4389,39673,66574,31290,0,0,-291,20,219,-92,0
SILV - MOEX,2022-11-10,SILV,138854,-3072,0,0,4335,39522,65092,29905,0,0,-54,-151,-1482,-1385,0
SILV - MOEX,2022-11-11,SILV,142848,3994,0,0,4221,38704,67203,32720,0,0,-114,-818,2111,2815,0
SILV - MOEX,2022-11-14,SILV,151362,8514,0,0,4777,42463,70904,33218,0,0,556,3759,3701,498,0
SILV - MOEX,2022-11-15,SILV,136754,-14608,0,0,4235,41453,64142,26924,0,0,-542,-1010,-6762,-6294,0
SILV - MOEX,2022-11-16,SILV,133558,-3196,0,0,4516,41471,62263,25308,0,0,281,18,-1879,-1616,0
SILV - MOEX,2022-11-17,SILV,138314,4756,0,0,4324,41928,64833,27229,0,0,-192,457,2570,1921,0
SILV - MOEX,2022-11-18,SILV,132568,-5746,0,0,4353,41109,61931,25175,0,0,29,-819,-2902,-2054,0
SILV - MOEX,2022-11-21,SILV,137930,5362,0,0,4484,41325,64481,27640,0,0,131,216,2550,2465,0
SILV - MOEX,2022-11-22,SILV,137326,-604,0,0,4607,45958,64056,22705,0,0,123,4633,-425,-4935,0
SILV - MOEX,2022-11-23,SILV,165488,28162,0,0,4593,47690,78151,35054,0,0,-14,1732,14095,12349,0
SILV - MOEX,2022-11-24,SILV,164738,-750,0,0,4901,52988,77468,29381,0,0,308,5298,-683,-5673,0
SILV - MOEX,2022-11-25,SILV,157004,-7734,0,0,6802,55298,71700,23204,0,0,1901,2310,-5768,-6177,0
SILV - MOEX,2022-11-28,SILV,155868,-1136,0,0,6093,55435,71841,22499,0,0,-709,137,141,-705,0
SILV - MOEX,2022-11-29,SILV,163100,7232,0,0,6375,56331,75175,25219,0,0,282,896,3334,2720,0
SILV - MOEX,2022-11-30,SILV,166554,3454,0,0,7774,56521,75503,26756,0,0,1399,190,328,1537,0
SILV - MOEX,2022-12-01,SILV,188330,21776,0,0,9125,57560,85040,36605,0,0,1351,1039,9537,9849,0
SILV - MOEX,2022-12-02,SILV,194544,6214,0,0,9610,56308,87662,40964,0,0,485,-1252,2622,4359,0
SILV - MOEX,2022-12-05,SILV,187224,-7320,0,0,9442,56033,84170,37579,0,0,-168,-275,-3492,-3385,0
SILV - MOEX,2022-12-06,SILV,186498,-726,0,0,9903,55879,83346,37370,0,0,461,-154,-824,-209,0
SILV - MOEX,2022-12-07,SILV,185868,-630,0,0,9237,54643,83697,38291,0,0,-666,-1236,351,921,0
SILV - MOEX,2022-12-08,SILV,196932,11064,0,0,8464,54765,90002,43701,0,0,-773,122,6305,5410,0
SILV - MOEX,2022-12-09,SILV,194310,-2622,0,0,8624,53774,88531,43381,0,0,160,-991,-1471,-320,0
SILV - MOEX,2022-12-12,SILV,194754,444,0,0,5485,53820,91892,43557,0,0,-3139,46,3361,176,0
SILV - MOEX,2022-12-13,SILV,179856,-14898,0,0,4950,52438,84978,37490,0,0,-535,-1382,-6914,-6067,0
SILV - MOEX,2022-12-14,SILV,175742,-4114,0,0,5400,52438,82471,35433,0,0,450,0,-2507,-2057,0
SILV - MOEX,2022-12-15,SILV,161232,-14510,0,0,3610,51047,77006,29569,0,0,-1790,-1391,-5465,-5864,0
SILV - MOEX,2022-12-16,SILV,123630,-37602,0,0,3543,34646,58272,27169,0,0,-67,-16401,-18734,-2400,0
SILV - MOEX,2022-12-19,SILV,139746,16116,0,0,4083,40588,65790,29285,0,0,540,5942,7518,2116,0
SILV - MOEX,2022-12-20,SILV,155250,15504,0,0,7009,45535,70616,32090,0,0,2926,4947,4826,2805,0
SILV - MOEX,2022-12-21,SILV,154380,-870,0,0,6144,45449,71046,31741,0,0,-865,-86,430,-349,0
SILV - MOEX,2022-12-22,SILV,150484,-3896,0,0,5911,45237,69331,30005,0,0,-233,-212,-1715,-1736,0
SILV - MOEX,2022-12-23,SILV,152340,1856,0,0,4998,45601,71172,30569,0,0,-913,364,1841,564,0
SILV - MOEX,2022-12-26,SILV,149738,-2602,0,0,4692,45703,70177,29166,0,0,-306,102,-995,-1403,0
SILV - MOEX,2022-12-27,SILV,152918,3180,0,0,4743,45317,71716,31142,0,0,51,-386,1539,1976,0
SILV - MOEX,2022-12-28,SILV,159334,6416,0,0,5013,50219,74654,29448,0,0,270,4902,2938,-1694,0
SILV - MOEX,2022-12-29,SILV,154518,-4816,0,0,5625,50219,71634,27040,0,0,612,0,-3020,-2408,0
SILV - MOEX,2022-12-30,SILV,153080,-1438,0,0,6198,49244,70342,27296,0,0,573,-975,-1292,256,0
Eu - MOEX,2022-09-20,Eu,474640,21912,0,0,107862,231617,129458,5703,0,0,-7710,17796,18666,-6840,0
Eu - MOEX,2022-09-21,Eu,465272,-9368,0,0,105315,227431,127321,5205,0,0,-2547,-4186,-2137,-498,0
Eu - MOEX,2022-09-22,Eu,487446,22174,0,0,110214,232491,133509,11232,0,0,4899,5060,6188,6027,0
Eu - MOEX,2022-09-23,Eu,506286,18840,0,0,118675,241842,134468,11301,0,0,8461,9351,959,69,0
Eu - MOEX,2022-09-26,Eu,501656,-4630,0,0,126586,241306,124242,9522,0,0,7911,-536,-10226,-1779,0
Eu - MOEX,2022-09-27,Eu,502276,620,0,0,122136,241218,129002,9920,0,0,-4450,-88,4760,398,0
Eu - MOEX,2022-09-28,Eu,511860,9584,0,0,131913,242618,124017,13312,0,0,9777,1400,-4985,3392,0
Eu - MOEX,2022-09-29,Eu,504588,-7272,0,0,134564,242273,117730,10021,0,0,2651,-345,-6287,-3291,0
Eu - MOEX,2022-09-30,Eu,643650,139062,0,0,258392,313544,63433,8281,0,0,123828,71271,-54297,-1740,0
Eu - MOEX,2022-10-03,Eu,722440,78790,0,0,296529,354016,64691,7204,0,0,38137,40472,1258,-1077,0
Eu - MOEX,2022-10-04,Eu,734000,11560,0,0,300150,357025,66850,9975,0,0,3621,3009,2159,2771,0
Eu - MOEX,2022-10-05,Eu,732294,-1706,0,0,301920,357437,64227,8710,0,0,1770,412,-2623,-1265,0
Eu - MOEX,2022-10-06,Eu,747820,15526,0,0,313683,361229,60227,12681,0,0,11763,3792,-4000,3971,0
Eu - MOEX,2022-10-07,Eu,708144,-39676,0,0,304572,345196,49500,8876,0,0,-9111,-16033,-10727,-3805,0
Eu - MOEX,2022-10-10,Eu,706288,-1856,0,0,300525,346845,52619,6299,0,0,-4047,1649,3119,-2577,0
Eu - MOEX,2022-10-11,Eu,748712,42424,0,0,296871,367596,77485,6760,0,0,-3654,20751,24866,461,0
Eu - MOEX,2022-10-12,Eu,745596,-3116,0,0,299953,369310,72845,3488,0,0,3082,1714,-4640,-3272,0
Eu - MOEX,2022-10-13,Eu,750480,4884,0,0,278516,372139,96724,3101,0,0,-21437,2829,23879,-387,0
Eu - MOEX,2022-10-14,Eu,751596,1116,0,0,276588,369452,99210,6346,0,0,-1928,-2687,2486,3245,0
Eu - MOEX,2022-10-17,Eu,747656,-3940,0,0,277802,369407,96026,4421,0,0,1214,-45,-3184,-1925,0
Eu - MOEX,2022-10-18,Eu,752626,4970,0,0,279345,371613,96968,4700,0,0,1543,2206,942,279,0
Eu - MOEX,2022-10-19,Eu,762284,9658,0,0,288390,371259,92752,9883,0,0,9045,-354,-4216,5183,0
Eu - MOEX,2022-10-20,Eu,751480,-10804,0,0,273925,370719,101815,5021,0,0,-14465,-540,9063,-4862,0
Eu - MOEX,2022-10-21,Eu,756862,5382,0,0,288519,373000,89912,5431,0,0,14594,2281,-11903,410,0
Eu - MOEX,2022-10-24,Eu,746672,-10190,0,0,278519,368014,94817,5322,0,0,-10000,-4986,4905,-109,0
Eu - MOEX,2022-10-25,Eu,764030,17358,0,0,289564,371043,92451,10972,0,0,11045,3029,-2366,5650,0
Eu - MOEX,2022-10-26,Eu,756080,-7950,0,0,284433,366753,93607,11287,0,0,-5131,-4290,1156,315,0
Eu - MOEX,2022-10-27,Eu,717754,-38326,0,0,275328,346151,83549,12726,0,0,-9105,-20602,-10058,1439,0
Eu - MOEX,2022-10-28,Eu,710658,-7096,0,0,275674,339893,79655,15436,0,0,346,-6258,-3894,2710,0
Eu - MOEX,2022-10-31,Eu,763642,52984,0,0,299389,359537,82432,22284,0,0,23715,19644,2777,6848,0
Eu - MOEX,2022-11-01,Eu,807474,43832,0,0,307487,383529,96250,20208,0,0,8098,23992,13818,-2076,0
Eu - MOEX,2022-11-02,Eu,793620,-13854,0,0,308600,387759,88210,9051,0,0,1113,4230,-8040,-11157,0
Eu - MOEX,2022-11-03,Eu,809270,15650,0,0,313673,391711,90962,12924,0,0,5073,3952,2752,3873,0
Eu - MOEX,2022-11-07,Eu,816428,7158,0,0,319603,399729,88611,8485,0,0,5930,8018,-2351,-4439,0
Eu - MOEX,2022-11-08,Eu,818824,2396,0,0,322049,400582,87363,8830,0,0,2446,853,-1248,345,0
Eu - MOEX,2022-11-09,Eu,825700,6876,0,0,319100,401630,93750,11220,0,0,-2949,1048,6387,2390,0
Eu - MOEX,2022-11-10,Eu,810118,-15582,0,0,326213,391434,78846,13625,0,0,7113,-10196,-14904,2405,0
Eu - MOEX,2022-11-11,Eu,974840,164722,0,0,405031,459809,82389,27611,0,0,78818,68375,3543,13986,0
Eu - MOEX,2022-11-14,Eu,983688,8848,0,0,408771,467052,83073,24792,0,0,3740,7243,684,-2819,0
Eu - MOEX,2022-11-15,Eu,1006538,22850,0,0,407657,476067,95612,27202,0,0,-1114,9015,12539,2410,0
Eu - MOEX,2022-11-16,Eu,1007316,778,0,0,416891,479392,86767,24266,0,0,9234,3325,-8845,-2936,0
Eu - MOEX,2022-11-17,Eu,1018946,11630,0,0,425650,484979,83823,24494,0,0,8759,5587,-2944,228,0
Eu - MOEX,2022-11-18,Eu,1087600,68654,0,0,463424,504157,80376,39643,0,0,37774,19178,-3447,15149,0
Eu - MOEX,2022-11-21,Eu,1083126,-4474,0,0,467484,510265,74079,31298,0,0,4060,6108,-6297,-8345,0
Eu - MOEX,2022-11-22,Eu,1099060,15934,0,0,474758,515252,74772,34278,0,0,7274,4987,693,2980,0
Eu - MOEX,2022-11-23,Eu,1088524,-10536,0,0,467248,516656,77014,27606,0,0,-7510,1404,2242,-6672,0
Eu - MOEX,2022-11-24,Eu,1112788,24264,0,0,473417,518467,82977,37927,0,0,6169,1811,5963,10321,0
Eu - MOEX,2022-11-25,Eu,1115302,2514,0,0,472475,518048,85176,39603,0,0,-942,-419,2199,1676,0
Eu - MOEX,2022-11-28,Eu,1148496,33194,0,0,485279,523714,88969,50534,0,0,12804,5666,3793,10931,0
Eu - MOEX,2022-11-29,Eu,1200112,51616,0,0,530597,550486,69459,49570,0,0,45318,26772,-19510,-964,0
Eu - MOEX,2022-11-30,Eu,1203122,3010,0,0,533151,551377,68410,50184,0,0,2554,891,-1049,614,0
Eu - MOEX,2022-12-01,Eu,1211674,8552,0,0,535809,552219,70028,53618,0,0,2658,842,1618,3434,0
Eu - MOEX,2022-12-02,Eu,1219230,7556,0,0,541917,553762,67698,55853,0,0,6108,1543,-2330,2235,0
Eu - MOEX,2022-12-05,Eu,1231290,12060,0,0,547980,561111,67665,54534,0,0,6063,7349,-33,-1319,0
Eu - MOEX,2022-12-06,Eu,1235760,4470,0,0,550904,563849,66976,54031,0,0,2924,2738,-689,-503,0
Eu - MOEX,2022-12-07,Eu,1236070,310,0,0,551683,565727,66352,52308,0,0,779,1878,-624,-1723,0
Eu - MOEX,2022-12-08,Eu,1177400,-58670,0,0,524727,546549,63973,42151,0,0,-26956,-19178,-2379,-10157,0
Eu - MOEX,2022-12-09,Eu,1171622,-5778,0,0,525630,549697,60181,36114,0,0,903,3148,-3792,-6037,0
Eu - MOEX,2022-12-12,Eu,1191918,20296,0,0,531082,560070,64877,35889,0,0,5452,10373,4696,-225,0
Eu - MOEX,2022-12-13,Eu,1224982,33064,0,0,545374,568978,67117,43513,0,0,14292,8908,2240,7624,0
Eu - MOEX,2022-12-14,Eu,1051404,-173578,0,0,460786,491594,64916,34108,0,0,-84588,-77384,-2201,-9405,0
Eu - MOEX,2022-12-15,Eu,475576,-575828,0,0,186221,233040,51567,4748,0,0,-274565,-258554,-13349,-29360,0
Eu - MOEX,2022-12-16,Eu,549800,74224,0,0,219600,261840,55300,13060,0,0,33379,28800,3733,8312,0
Eu - MOEX,2022-12-19,Eu,609618,59818,0,0,242889,286501,61920,18308,0,0,23289,24661,6620,5248,0
Eu - MOEX,2022-12-20,Eu,652080,42462,0,0,271482,302181,54558,23859,0,0,28593,15680,-7362,5551,0
Eu - MOEX,2022-12-21,Eu,710392,58312,0,0,291345,333613,63851,21583,0,0,19863,31432,9293,-2276,0
Eu - MOEX,2022-12-22,Eu,747262,36870,0,0,299257,353599,74374,20032,0,0,7912,19986,10523,-1551,0
Eu - MOEX,2022-12-23,Eu,739524,-7738,0,0,298177,352591,71585,17171,0,0,-1080,-1008,-2789,-2861,0
Eu - MOEX,2022-12-26,Eu,735954,-3570,0,0,293866,352009,74111,15968,0,0,-4311,-582,2526,-1203,0
Eu - MOEX,2022-12-27,Eu,781386,45432,0,0,300656,378056,90037,12637,0,0,6790,26047,15926,-3331,0
Eu - MOEX,2022-12-28,Eu,810858,29472,0,0,304823,391105,100606,14324,0,0,4167,13049,10569,1687,0
Eu - MOEX,2022-12-29,Eu,815188,4330,0,0,317488,395423,90106,12171,0,0,12665,4318,-10500,-2153,0
Eu - MOEX,2022-12-30,Eu,859926,44738,0,0,336292,411878,93671,18085,0,0,18804,16455,3565,5914,0
BR - MOEX,2022-09-20,BR,128388,-4390,0,0,3918,38775,60276,25419,0,0,-694,-1079,-1501,-1116,0
BR - MOEX,2022-09-21,BR,133482,5094,0,0,3841,44485,62900,22256,0,0,-77,5710,2624,-3163,0
BR - MOEX,2022-09-22,BR,125920,-7562,0,0,3656,40772,59304,22188,0,0,-185,-3713,-3596,-68,0
BR - MOEX,2022-09-23,BR,140564,14644,0,0,4616,46016,65666,24266,0,0,960,5244,6362,2078,0
BR - MOEX,2022-09-26,BR,139790,-774,0,0,4604,43074,65291,26821,0,0,-12,-2942,-375,2555,0
BR - MOEX,2022-09-27,BR,139416,-374,0,0,4668,42802,65040,26906,0,0,64,-272,-251,85,0
BR - MOEX,2022-09-28,BR,128114,-11302,0,0,4084,38610,59973,25447,0,0,-584,-4192,-5067,-1459,0
BR - MOEX,2022-09-29,BR,114406,-13708,0,0,3619,35412,53584,21791,0,0,-465,-3198,-6389,-3656,0
BR - MOEX,2022-09-30,BR,99596,-14810,0,0,2468,26749,47330,23049,0,0,-1151,-8663,-6254,1258,0
BR - MOEX,2022-10-03,BR,85360,-14236,0,0,4482,20700,38198,21980,0,0,2014,-6049,-9132,-1069,0
BR - MOEX,2022-10-04,BR,88240,2880,0,0,6333,19745,37787,24375,0,0,1851,-955,-411,2395,0
BR - MOEX,2022-10-05,BR,90904,2664,0,0,5540,17498,39912,27954,0,0,-793,-2247,2125,3579,0
BR - MOEX,2022-10-06,BR,90606,-298,0,0,4353,16505,40950,28798,0,0,-1187,-993,1038,844,0
BR - MOEX,2022-10-07,BR,91180,574,0,0,4863,11493,40727,34097,0,0,510,-5012,-223,5299,0
BR - MOEX,2022-10-10,BR,86404,-4776,0,0,3720,12168,39482,31034,0,0,-1143,675,-1245,-3063,0
BR - MOEX,2022-10-11,BR,87738,1334,0,0,2764,15723,41105,28146,0,0,-956,3555,1623,-2888,0
BR - MOEX,2022-10-12,BR,93666,5928,0,0,2483,17735,44350,29098,0,0,-281,2012,3245,952,0
BR - MOEX,2022-10-13,BR,85742,-7924,0,0,2368,18417,40503,24454,0,0,-115,682,-3847,-4644,0
BR - MOEX,2022-10-14,BR,98334,12592,0,0,3180,22338,45987,26829,0,0,812,3921,5484,2375,0
BR - MOEX,2022-10-17,BR,94772,-3562,0,0,3313,20921,44073,26465,0,0,133,-1417,-1914,-364,0
BR - MOEX,2022-10-18,BR,108408,13636,0,0,3495,25248,50709,28956,0,0,182,4327,6636,2491,0
BR - MOEX,2022-10-19,BR,98002,-10406,0,0,3583,20810,45418,28191,0,0,88,-4438,-5291,-765,0
BR - MOEX,2022-10-20,BR,92236,-5766,0,0,3670,17873,42448,28245,0,0,87,-2937,-2970,54,0
BR - MOEX,2022-10-21,BR,91466,-770,0,0,3146,18691,42587,27042,0,0,-524,818,139,-1203,0
BR - MOEX,2022-10-24,BR,91434,-32,0,0,3141,19819,42576,25898,0,0,-5,1128,-11,-1144,0
BR - MOEX,2022-10-25,BR,89152,-2282,0,0,3578,19012,40998,25564,0,0,437,-807,-1578,-334,0
BR - MOEX,2022-10-26,BR,87902,-1250,0,0,5165,16069,38786,27882,0,0,1587,-2943,-2212,2318,0
BR - MOEX,2022-10-27,BR,87646,-256,0,0,4977,14162,38846,29661,0,0,-188,-1907,60,1779,0
BR - MOEX,2022-10-28,BR,78526,-9120,0,0,1900,15617,37363,23646,0,0,-3077,1455,-1483,-6015,0
BR - MOEX,2022-10-31,BR,79494,968,0,0,1513,18130,38234,21617,0,0,-387,2513,871,-2029,0
BR - MOEX,2022-11-01,BR,71254,-8240,0,0,3747,14501,31880,21126,0,0,2234,-3629,-6354,-491,0
BR - MOEX,2022-11-02,BR,81290,10036,0,0,3872,14751,36773,25894,0,0,125,250,4893,4768,0
BR - MOEX,2022-11-03,BR,73156,-8134,0,0,1035,14615,35543,21963,0,0,-2837,-136,-1230,-3931,0
BR - MOEX,2022-11-07,BR,75894,2738,0,0,3939,13708,34008,24239,0,0,2904,-907,-1535,2276,0
BR - MOEX,2022-11-08,BR,83370,7476,0,0,4138,15932,37547,25753,0,0,199,2224,3539,1514,0
BR - MOEX,2022-11-09,BR,103670,20300,0,0,3734,23790,48101,28045,0,0,-404,7858,10554,2292,0
BR - MOEX,2022-11-10,BR,105132,1462,0,0,2089,24414,50477,28152,0,0,-1645,624,2376,107,0
BR - MOEX,2022-11-11,BR,88516,-16616,0,0,4988,20664,39270,23594,0,0,2899,-3750,-11207,-4558,0
BR - MOEX,2022-11-14,BR,84836,-3680,0,0,3583,20128,38835,22290,0,0,-1405,-536,-435,-1304,0
BR - MOEX,2022-11-15,BR,111638,26802,0,0,2633,30030,53186,25789,0,0,-950,9902,14351,3499,0
BR - MOEX,2022-11-16,BR,105182,-6456,0,0,2066,27169,50525,25422,0,0,-567,-2861,-2661,-367,0
BR - MOEX,2022-11-17,BR,126454,21272,0,0,1877,33533,61350,29694,0,0,-189,6364,10825,4272,0
BR - MOEX,2022-11-18,BR,192078,65624,0,0,3001,54145,93038,41894,0,0,1124,20612,31688,12200,0
BR - MOEX,2022-11-21,BR,220772,28694,0,0,3649,65053,106737,45333,0,0,648,10908,13699,3439,0
BR - MOEX,2022-11-22,BR,182848,-37924,0,0,4332,58954,87092,32470,0,0,683,-6099,-19645,-12863,0
BR - MOEX,2022-11-23,BR,205044,22196,0,0,4180,57811,98342,44711,0,0,-152,-1143,11250,12241,0
BR - MOEX,2022-11-24,BR,218652,13608,0,0,4314,57069,105012,52257,0,0,134,-742,6670,7546,0
BR - MOEX,2022-11-25,BR,222994,4342,0,0,3908,58109,107589,53388,0,0,-406,1040,2577,1131,0
BR - MOEX,2022-11-28,BR,238350,15356,0,0,4146,58678,115029,60497,0,0,238,569,7440,7109,0
BR - MOEX,2022-11-29,BR,216956,-21394,0,0,4210,55071,104268,53407,0,0,64,-3607,-10761,-7090,0
BR - MOEX,2022-11-30,BR,198976,-17980,0,0,4125,46643,95363,52845,0,0,-85,-8428,-8905,-562,0
BR - MOEX,2022-12-01,BR,130454,-68522,0,0,1270,25644,63957,39583,0,0,-2855,-20999,-31406,-13262,0
BR - MOEX,2022-12-02,BR,139324,8870,0,0,1110,27794,68552,41868,0,0,-160,2150,4595,2285,0
BR - MOEX,2022-12-05,BR,152882,13558,0,0,1540,32156,74901,44285,0,0,430,4362,6349,2417,0
BR - MOEX,2022-12-06,BR,189952,37070,0,0,2454,37119,92522,57857,0,0,914,4963,17621,13572,0
BR - MOEX,2022-12-07,BR,237134,47182,0,0,3575,56649,114992,61918,0,0,1121,19530,22470,4061,0
BR - MOEX,2022-12-08,BR,265908,28774,0,0,3083,60767,129871,72187,0,0,-492,4118,14879,10269,0
BR - MOEX,2022-12-09,BR,304146,38238,0,0,5322,70898,146751,81175,0,0,2239,10131,16880,8988,0
BR - MOEX,2022-12-12,BR,318032,13886,0,0,5094,75948,153922,83068,0,0,-228,5050,7171,1893,0
BR - MOEX,2022-12-13,BR,300402,-17630,0,0,5051,74361,145150,75840,0,0,-43,-1587,-8772,-7228,0
BR - MOEX,2022-12-14,BR,274524,-25878,0,0,4386,72780,132876,64482,0,0,-665,-1581,-12274,-11358,0
BR - MOEX,2022-12-15,BR,248290,-26234,0,0,6794,71742,117351,52403,0,0,2408,-1038,-15525,-12079,0
BR - MOEX,2022-12-16,BR,265534,17244,0,0,3273,74473,129494,58294,0,0,-3521,2731,12143,5891,0
BR - MOEX,2022-12-19,BR,258726,-6808,0,0,3516,74280,125847,55083,0,0,243,-193,-3647,-3211,0
BR - MOEX,2022-12-20,BR,256128,-2598,0,0,2583,75178,125481,52886,0,0,-933,898,-366,-2197,0
BR - MOEX,2022-12-21,BR,247942,-8186,0,0,2525,66835,121446,57136,0,0,-58,-8343,-4035,4250,0
BR - MOEX,2022-12-22,BR,233344,-14598,0,0,2458,65267,114214,51405,0,0,-67,-1568,-7232,-5731,0
BR - MOEX,2022-12-23,BR,236374,3030,0,0,2495,63403,115692,54784,0,0,37,-1864,1478,3379,0
BR - MOEX,2022-12-26,BR,231242,-5132,0,0,2524,62375,113097,53246,0,0,29,-1028,-2595,-1538,0
BR - MOEX,2022-12-27,BR,239254,8012,0,0,2525,63339,117102,56288,0,0,1,964,4005,3042,0
BR - MOEX,2022-12-28,BR,237994,-1260,0,0,2343,62774,116654,56223,0,0,-182,-565,-448,-65,0
BR - MOEX,2022-12-29,BR,231956,-6038,0,0,1980,63305,113998,52673,0,0,-363,531,-2656,-3550,0
BR - MOEX,2022-12-30,BR,91110,-140846,0,0,1311,16214,44244,29341,0,0,-669,-47091,-69754,-23332,0
